Key	NA	CA	DA6	DA12	DA24
AT1G01050.1	-0.136863	-0.233078	-0.168935	-0.160917	-0.160917
AT1G01090.1	-0.970214	-1.057606	-0.627762	0.13894	1.056277
AT1G01100.1	-1.141121	-1.710297	-1.330846	-1.283415	-1.283415
AT1G01320.1	0.075818	-0.620057	-0.486587	-0.193764	0.193251
AT1G01800.1	0.330002	2.262122	2.664861	2.540529	2.461257
AT1G02500.1	-0.294256	-0.143105	0.008068	0.083657	0.159254
AT1G02560.1	-0.558534	-0.346057	-0.08694	-0.108216	-0.165804
AT1G02620.1	-0.464939	-0.275891	-0.509451	-0.626331	-0.298609
AT1G02730.1	-0.116035	-0.116035	-0.234884	-0.328723	0.123155
AT1G02780.1	-0.327775	-0.269608	-0.095108	-0.034604	0.471499
AT1G02790.1	-0.190366	-0.270798	-0.222539	-0.167901	0.113332
AT1G02920.1	-0.537119	-0.11907	0.027496	-0.08811	-0.117951
AT1G02930.1	-0.443255	-0.29579	0.146605	0.092902	0.340517
AT1G03020.1	-0.563007	-0.751691	-0.590718	-0.462628	-0.173475
AT1G03130.1	-0.710519	-0.396924	-0.346575	-0.178547	0.192989
AT1G03220.1	0.14268	-0.963622	-0.68725	-0.654181	-0.462041
AT1G03475.1	-0.429315	0.106938	0.47853	0.697626	2.123536
AT1G03600.1	-0.203156	-0.445691	-0.203101	-0.009748	0.228984
AT1G03680.1	0.210477	-0.186893	0.070665	0.149221	0.089227
AT1G04300.1	0.063743	-0.272965	-0.591763	-0.402679	0.228425
AT1G04410.1	-0.301589	-0.404302	-0.633703	-0.32399	0.254871
AT1G04420.1	-0.098205	-0.266443	-0.180535	-0.002866	0.250297
AT1G04480.1	-2.733635	-2.904921	-2.870148	-2.796404	-2.684362
AT1G04620.1	-0.812316	-0.775625	-0.588405	-0.469542	-0.350276
AT1G04690.1	-0.266974	-0.65233	-0.6271	-0.392299	-0.037421
AT1G04820.1	-0.022825	-0.406613	-0.138554	-0.006754	0.39778
AT1G04920.1	-0.154668	-0.529372	-0.30455	-0.21835	0.250117
AT1G05010.1	0.347514	-0.377118	-0.073697	0.172866	0.517483
AT1G05190.1	-0.027875	-0.067016	0.057762	0.184378	0.036352
AT1G05490.1	-0.888134	-1.098322	-1.179205	-1.216319	-0.722496
AT1G06500.1	-0.549295	-0.912134	-0.564423	-0.331608	-0.138809
AT1G06530.1	-0.381406	-0.290565	-0.118875	-0.102848	0.169187
AT1G06670.1	-0.328091	-0.083835	0.093779	-0.076977	-0.121897
AT1G06680.1	-0.218318	-0.285093	-0.149243	0.043135	0.269366
AT1G06690.1	0.107869	-0.147257	0.014633	0.031797	0.074815
AT1G06820.1	0.02901	-0.368232	-0.026534	0.175398	0.423798
AT1G06950.1	1.161927	0.978592	0.529011	0.456026	0.806859
AT1G07140.1	-0.159812	-0.382452	-0.460238	-0.473652	0.117779
AT1G07180.1	-0.87343	-1.181136	-1.274635	-1.282102	-1.359382
AT1G07320.1	-0.343471	-0.261287	-0.014737	0.004787	0.390049
AT1G07660.1	-0.106332	-0.160876	-0.123206	-0.117027	-0.118988
AT1G07660.2	-0.537521	0.080986	0.192827	0.083174	0.22424
AT1G07770.1	0.13759	-0.391032	-0.34099	-0.132055	-0.08448
AT1G07790.1	-0.106458	-0.267352	-0.170815	-0.104539	0.242932
AT1G07890.1	-0.063133	-0.497229	-0.148532	0.074934	0.551816
AT1G07920.1	-0.157309	-0.365763	-0.34883	-0.327707	-0.214761
AT1G08200.1	-0.33221	-0.262129	-0.051885	-0.05143	0.196129
AT1G08360.1	0.642111	0.010289	0.15351	0.032517	-0.235466
AT1G08520.1	-0.04652	-0.348699	-0.298565	-0.204751	-0.095355
AT1G08600.1	-0.158926	-0.252474	-0.265838	-0.248361	-0.034021
AT1G08990.1	0.158158	-0.083472	0.061506	0.075186	0.167748
AT1G09100.1	-0.560501	-0.037764	-0.248696	-0.192294	0.24946
AT1G09130.1	-0.252088	-0.356062	-0.20293	-0.014732	0.233359
AT1G09200.1	-0.136198	-0.136198	-0.136198	-0.117055	-0.021341
AT1G09210.1	-0.2348	-0.346754	-0.18628	0.004238	0.244936
AT1G09280.1	2.260921	1.658676	2.146313	2.776867	3.5839
AT1G09310.1	-0.087101	-0.406318	-0.20132	-0.137188	0.111021
AT1G09340.1	-0.908	-0.869446	-0.665108	-0.522553	-0.362059
AT1G09590.1	-0.418794	-0.389159	-0.237493	-0.140018	-0.035323
AT1G09610.1	-0.511874	-0.347402	-0.019235	0.03468	0.673344
AT1G09620.1	-0.246488	-0.192587	-0.030882	0.006905	0.384496
AT1G09640.1	0.00537	-0.416225	-0.225787	-0.160381	0.200991
AT1G09750.1	-1.213594	0.003998	-0.244075	-0.451089	-0.745307
AT1G09780.1	-0.077031	-0.138827	-0.147656	-0.111963	0.150367
AT1G10370.1	-0.26037	-0.236151	-0.107563	-0.018452	0.078413
AT1G10630.1	-0.353438	-0.225345	-0.058912	-0.026314	0.312693
AT1G10670.1	-0.174745	-0.131029	0.000119	0.004371	0.178638
AT1G10760.1	-0.369662	-0.219844	-0.223523	-0.149733	0.177161
AT1G10840.1	-0.15499	-0.315792	-0.338764	-0.322065	-0.020337
AT1G11655.1	-0.145127	-0.393703	-0.429214	-0.431655	-0.106507
AT1G11750.1	-0.193417	-0.338691	-0.367745	-0.287469	0.11391
AT1G11840.1	-0.262233	-0.262233	-0.262233	-0.262233	-0.262233
AT1G11860.1	-0.209385	-0.43021	-0.282993	-0.264591	-0.264591
AT1G11910.1	-0.013481	-0.013574	-0.014159	-0.014642	-0.015002
AT1G12000.1	-0.21232	-0.217803	-0.219959	-0.219614	-0.219217
AT1G12230.1	-0.310404	-0.264347	-0.126177	-0.087716	0.265788
AT1G12310.1	-0.189592	-0.257639	-0.21681	-0.155104	0.160235
AT1G12350.1	-0.531982	-0.24602	0.145011	0.197865	0.503862
AT1G12410.1	-0.137337	-0.413714	-0.247887	-0.182091	0.174527
AT1G12450.1	-0.469723	-0.624807	-0.449527	-0.291362	-0.122306
AT1G12840.1	-0.192248	-0.136486	0.0308	0.044139	0.306002
AT1G12900.1	-0.29679	-0.066071	-0.102127	-0.020152	0.286972
AT1G13040.1	0.06915	-0.168971	-0.216595	-0.117881	0.375689
AT1G13350.1	-0.362827	-0.328598	-0.225911	-0.21022	-0.011966
AT1G13440.1	-0.123588	-0.086652	0.024156	0.030551	0.191801
AT1G13610.1	0.00138	-0.070297	0.020274	0.11748	0.242046
AT1G13650.1	-0.233106	-0.311038	-0.198612	-0.06406	0.107583
AT1G13930.1	-0.234402	-0.533912	-0.444858	-0.078159	0.516561
AT1G14320.1	-0.485655	-0.485655	-0.485655	-0.466887	-0.373045
AT1G14520.1	-0.17375	-0.254936	-0.143965	-0.01531	0.15357
AT1G14810.1	-0.726327	-0.602399	-0.478458	-0.416473	-0.354483
AT1G14980.1	-0.940816	-0.338989	-0.033631	-0.083183	-0.0997
AT1G15140.1	0.057649	-0.335716	0.01597	0.126351	-0.178829
AT1G15340.1	-0.326106	-0.261485	-0.196851	-0.16453	-0.132205
AT1G15480.1	-0.290499	-0.265694	-0.191278	-0.191393	-0.105146
AT1G15690.1	0.275422	-0.142841	-0.165902	0.499231	1.128734
AT1G15820.1	-0.297306	-0.677633	-0.318177	-0.154103	-0.31296
AT1G15930.1	-0.113959	-0.26231	-0.173299	-0.117224	0.177986
AT1G16080.1	-0.413369	-0.532783	-0.447023	-0.429384	-0.438609
AT1G16160.1	-0.045355	-0.467625	-0.214174	-0.169212	0.09713
AT1G16250.1	-0.238113	-0.362326	-0.198571	-0.016514	0.214679
AT1G16400.1	0.013128	-0.260516	-0.299608	-0.254881	0.340129
AT1G16470.1	-0.752782	-0.238398	-0.696322	-0.793369	-0.173015
AT1G16800.1	-0.018173	-0.254314	-0.301543	-0.183946	0.404037
AT1G16850.1	-0.153986	-0.448717	-0.257887	-0.173817	0.167562
AT1G16880.1	-0.117321	-0.216074	-0.235824	-0.186547	0.059837
AT1G16920.1	-0.389139	-0.313424	-0.086281	-0.217208	-0.606844
AT1G17100.1	-0.204497	-0.323337	-0.24411	-0.234207	-0.234207
AT1G17220.1	-0.185615	-0.223475	-0.192505	-0.182188	-0.190783
AT1G17290.1	-0.19507	-0.101748	-0.083084	-0.064408	0.028969
AT1G17370.1	-0.147417	-0.120239	-0.038707	0.064668	0.676664
AT1G17400.1	0.002562	-0.158494	0.030933	0.208748	0.394772
AT1G17780.2	-0.27722	-0.544495	-0.308455	-0.161888	0.011194
AT1G17880.1	-0.387487	-0.101512	0.075104	0.108376	0.424012
AT1G18070.1	-0.162492	-0.162492	-0.189202	-0.181751	0.062503
AT1G18080.1	4.011355	3.795793	4.002595	4.19405	4.302933
AT1G18160.1	-0.18216	-0.415195	-0.448485	-0.442167	-0.094315
AT1G18210.1	-0.150869	-0.281474	-0.115942	0.057549	0.262504
AT1G18265.1	-0.163583	-0.301436	-0.32113	-0.275685	0.138629
AT1G18410.1	-5.0767	-5.0767	-5.0767	-4.912416	-4.090998
AT1G18540.1	-0.275524	-0.235976	-0.11733	-0.066407	0.326629
AT1G18640.2	-0.477146	-0.295865	0.082382	0.021312	0.143451
AT1G19550.1	-1.99197	-2.417855	-2.153969	-2.046848	-1.535027
AT1G19570.1	-0.462905	-0.307363	0.159264	0.042608	0.003722
AT1G19910.1	0.135275	-0.087021	-0.081314	-0.014112	0.090551
AT1G19920.1	-1.551813	-1.551813	-1.330775	-0.971587	-0.888697
AT1G19950.1	-0.364874	-0.652608	-0.363413	-0.099484	0.345634
AT1G20010.1	-0.068358	-0.302923	-0.336432	-0.331629	0.010724
AT1G20020.1	-0.112223	-0.003147	-0.146239	-0.243298	-0.137735
AT1G20200.1	-0.013773	-0.141337	-0.147384	-0.007735	0.265198
AT1G20260.2	-0.662874	-0.662874	-0.662874	-0.630716	-0.469928
AT1G20340.1	0.256376	-0.040188	0.20074	0.279477	0.214649
AT1G20440.1	0.951269	1.230133	1.081671	1.160571	1.381044
AT1G20450.1	-0.638773	-0.652886	-0.695226	-0.621336	-0.301285
AT1G20530.1	-0.054348	-0.498083	-0.454307	-0.233206	0.12533
AT1G20620.1	-0.219804	-0.219804	-0.29553	-0.359846	-0.094548
AT1G21450.1	0.160061	-0.027977	-0.054839	-0.055871	0.194162
AT1G21750.1	1.389515	1.389521	1.32063	1.27189	1.562255
AT1G22300.1	0.458863	-0.039361	-0.132716	-0.311107	-0.355012
AT1G22780.1	-0.083155	-0.500851	-0.250901	-0.201369	0.087981
AT1G22840.1	-0.199964	-0.452742	-0.301075	-0.230992	0.1447
AT1G23190.1	-0.106039	-0.367532	-0.210636	-0.158989	0.125397
AT1G23290.1	-0.354159	-0.180697	-0.083805	-0.028324	0.326828
AT1G23310.1	0.198903	-0.208077	0.284755	0.678626	0.761693
AT1G23410.1	-0.696937	0.122013	0.146285	-0.072846	-0.140759
AT1G23600.1	-1.116586	-0.085942	0.132179	0.031876	-0.454652
AT1G23730.1	-0.796203	-0.404381	-0.161591	-0.143674	0.151445
AT1G23740.1	-1.697204	-2.159225	-2.020173	-1.884983	-1.180101
AT1G23820.1	-0.299934	-0.158185	-0.129836	-0.090937	0.103557
AT1G24020.1	-0.132329	-0.132329	-0.132769	-0.133485	-0.13365
AT1G24100.1	0.41096	0.327531	0.457946	0.558394	0.4462
AT1G24180.1	-0.412363	-0.364259	-0.219946	-0.16501	0.278033
AT1G24220.1	-0.301133	-0.41959	-0.263222	-0.09533	0.094951
AT1G24360.1	-0.025331	-0.12634	0.034131	0.225396	0.41787
AT1G24510.1	-0.098058	-0.129934	-0.091866	-0.054866	-0.013488
AT1G24650.1	-1.184367	-1.295655	-1.302375	-1.224044	-1.205197
AT1G26090.1	-0.261615	-0.362573	-0.21638	-0.043241	0.169006
AT1G26160.1	-0.173927	-0.376143	-0.171443	-0.005962	0.195544
AT1G26630.1	-3.300072	-3.294329	-3.277102	-3.247598	-3.079983
AT1G26760.1	-0.128841	-0.485993	-0.234122	-0.115711	0.214274
AT1G26880.1	-0.064759	-0.056988	0.008821	0.163928	0.427501
AT1G27400.1	0.057881	-0.461881	-0.285393	-0.267192	-0.141131
AT1G27450.1	-0.059436	-0.542167	-0.24751	-0.21644	-0.131341
AT1G27520.1	-0.184959	-0.309709	-0.148199	0.027522	0.246985
AT1G27870.1	0.03339	-0.247183	-0.283957	-0.200976	-0.096225
AT1G29020.1	-0.041989	-0.291244	-0.326852	-0.36633	-0.225445
AT1G29250.1	-0.097617	-0.266715	-0.182166	-0.213872	-0.224441
AT1G29880.1	-0.168778	0.042574	-0.063102	0.032043	0.322834
AT1G29900.1	-0.145288	-0.241103	-0.182346	-0.131211	0.124213
AT1G29910.1	-0.010116	-0.430642	-0.261193	-0.15862	-0.13944
AT1G29930.1	-0.194638	-0.036785	0.121084	0.200026	0.278971
AT1G30230.1	-0.131996	-0.219176	-0.103105	0.023086	0.168598
AT1G30380.1	-0.039717	-0.175865	-0.022021	0.117413	0.268994
AT1G30440.1	-0.222997	-0.346238	-0.178797	0.001967	0.193511
AT1G30580.1	-0.535256	-0.511452	-0.440042	-0.435461	-0.329243
AT1G31160.1	-0.142726	-0.112181	-0.020547	0.00696	0.251401
AT1G31330.1	0.224039	0.158674	-0.071354	-0.059035	0.036761
AT1G31360.1	-0.016001	-0.353861	-0.430751	-0.175048	0.167747
AT1G31812.1	0.332301	-0.049184	-0.125481	-0.117937	-0.080219
AT1G32060.1	-0.374173	-0.283115	-0.009943	-0.010464	0.305634
AT1G32220.1	-0.329622	-0.210518	-0.065293	0.077648	0.257919
AT1G32470.1	-0.681387	-0.5879	-0.328045	-0.057187	0.402953
AT1G32530.1	-0.180701	-0.508822	-0.112025	0.286019	0.759638
AT1G32850.1	-0.161156	-0.315759	-0.050611	0.298582	0.724022
AT1G32900.1	-0.085777	-0.230645	-0.044261	0.158662	0.416929
AT1G32990.1	-0.470333	-0.390012	-0.214554	-0.297093	0.078983
AT1G33120.1	-0.323773	-0.264402	-0.017421	0.086709	0.281432
AT1G33360.1	-0.127453	-0.213272	-0.098201	0.027671	0.172867
AT1G35160.1	0.053517	-0.631453	-0.070875	0.07596	-0.280745
AT1G35340.1	-0.293444	-0.268498	-0.183682	-0.131471	0.139566
AT1G35680.1	-0.372887	-0.306251	-0.106343	-0.078084	0.296436
AT1G35720.1	-4.481312	-4.481312	-5.067359	-6.031196	-6.308516
AT1G41830.1	-0.94074	-0.94074	-0.94074	-0.94074	-0.94074
AT1G41880.1	-0.22954	-0.175899	-0.014976	-0.055207	-0.068617
AT1G42970.1	-0.301126	-0.094288	-0.021944	-0.022824	0.011498
AT1G43170.1	-0.46506	-0.307697	-0.386379	-0.271083	0.167705
AT1G43560.1	-0.106799	-0.106799	-0.154013	-0.194239	-0.029457
AT1G43670.1	-0.283378	-0.254702	-0.168674	-0.08116	0.456774
AT1G44575.1	-0.016643	-0.446997	-0.122915	-0.012563	0.071735
AT1G45000.1	-0.219808	-0.37398	-0.222368	-0.109516	0.012075
AT1G47128.1	-0.571166	-0.572351	-0.699412	-0.858281	-0.667605
AT1G47250.1	-0.090297	-0.604966	-0.595076	-0.378044	-0.04512
AT1G47260.1	-0.083954	-0.083954	-0.177716	-0.20092	0.409716
AT1G47270.1	-0.190126	-0.190126	-0.190126	-0.136404	0.132209
AT1G47420.1	-0.092933	-0.186931	-0.038125	0.142809	0.340724
AT1G48030.1	-0.198061	-0.198061	-0.198061	-0.167421	-0.014219
AT1G48350.1	-0.226323	-0.68086	-0.194264	0.207759	0.605798
AT1G48420.1	-0.530233	-0.669283	-1.086433	-0.783519	0.244378
AT1G48630.1	-2.085305	-0.254416	-0.101225	0.043865	0.503083
AT1G48830.1	-0.895858	-0.63363	-0.469521	-0.451053	-0.461104
AT1G48920.1	-0.112998	-0.079458	-0.055974	-0.023224	0.161499
AT1G49240.1	-0.100593	-0.199347	-0.092554	-0.001916	0.092707
AT1G49290.1	-0.189156	-0.288995	-0.157825	-0.012062	0.174422
AT1G49630.1	0.149162	0.149162	-0.026127	-0.212449	0.214438
AT1G49760.1	-0.176778	-0.326452	-0.1203	0.121073	0.441217
AT1G50200.1	-0.33771	-0.619318	-0.43158	-0.408112	-0.408112
AT1G51400.1	2.475157	2.321896	2.409235	2.64351	3.118365
AT1G51440.1	-0.33252	-0.266513	-0.144657	-0.247174	0.06155
AT1G51980.1	-0.899751	-0.754496	-0.749402	-0.842719	-0.959686
AT1G52230.1	0.110575	-0.314431	-0.399433	-0.311701	0.126957
AT1G52300.1	-0.182866	-0.301109	-0.230163	-0.178496	0.091669
AT1G52400.1	-0.577212	-0.534535	-0.389432	-0.316386	0.065915
AT1G52510.1	-1.404606	-1.364662	-1.228852	-1.134288	-0.645489
AT1G52570.1	-0.226079	-0.475004	-0.278274	-0.161139	0.082272
AT1G52740.1	-0.346704	-0.346704	-0.346704	-0.271951	0.101809
AT1G53050.1	-0.440793	-0.408641	-0.312184	-0.28315	-0.025445
AT1G53240.1	-0.184851	-0.259903	-0.112061	0.095205	0.342248
AT1G53310.1	-0.544996	-0.401151	-0.228221	-0.217425	0.016756
AT1G53500.1	-0.222455	-0.374603	-0.485435	-0.245604	0.184942
AT1G53750.1	-0.169809	-0.552936	-0.307531	-0.20095	0.249921
AT1G53850.1	-0.312331	-0.747683	-0.486472	-0.464704	-0.312331
AT1G54000.1	-0.144469	-0.304555	-0.175611	-0.111693	-0.031014
AT1G54010.1	-0.241914	-0.174492	0.027772	0.048859	0.390269
AT1G54270.1	-0.077271	-0.537985	-0.369465	-0.202377	0.008514
AT1G54350.1	-0.374492	-0.255303	0.102263	0.099798	0.504632
AT1G54410.1	-0.283172	-0.526067	-0.328402	-0.161668	0.028409
AT1G54580.1	-2.533262	-2.533262	-2.321154	-1.884062	-1.34244
AT1G54780.1	-0.371224	-0.589365	-0.45848	-0.356573	0.174777
AT1G55480.1	0.121133	-0.322742	-0.115021	-0.072232	0.178778
AT1G55490.1	-0.388708	-0.275611	0.016972	0.060979	0.618468
AT1G55670.1	-0.656868	-0.600539	-0.431551	-0.40568	-0.07917
AT1G55860.1	-0.227781	-0.343118	-0.177654	0.016852	0.254886
AT1G55990.1	-2.266642	-2.471357	-2.500602	-2.472698	-2.055354
AT1G56070.1	-0.308577	-0.255568	-0.096542	-0.079912	0.188767
AT1G56110.1	-0.541171	-0.479297	-0.300359	-0.208293	0.460245
AT1G56190.1	0.019044	-0.075014	-0.152687	-0.098884	0.096554
AT1G56340.1	-0.213187	-0.174788	-0.016484	0.234563	0.662416
AT1G56340.2	-0.250497	-0.220889	-0.132065	-0.06252	0.388838
AT1G56450.1	0.161998	-0.325163	-0.2179	-0.161748	0.1446
AT1G57720.1	-0.117509	-0.342166	-0.37426	-0.341834	0.125185
AT1G58230.1	-0.210955	-0.307884	-0.327269	-0.220243	0.314891
AT1G58270.1	-0.11073	-0.134373	-0.139102	-0.064913	0.306034
AT1G58380.1	0.382824	-0.01346	0.409097	0.511729	-0.367579
AT1G59171.1	-0.001759	-0.472561	-0.132981	0.008267	0.319075
AT1G59453.1	-0.101572	-0.101572	-0.199761	-0.359319	-0.39614
AT1G59660.1	-0.033879	-0.062752	-0.066877	0.046763	0.654146
AT1G59870.1	-0.051233	0.108475	0.21669	0.128305	0.013206
AT1G59900.1	-0.172687	-0.365396	-0.211699	-0.164109	-0.201946
AT1G60690.1	-0.549515	-0.358832	-0.168044	-0.07263	0.022801
AT1G61520.1	-0.142995	-0.125935	-0.074756	-0.039136	0.198672
AT1G61600.1	0.06182	0.250025	0.319153	0.342485	0.498505
AT1G62020.1	-0.216473	-0.292515	-0.307724	-0.229243	0.163161
AT1G62380.1	-0.108608	-0.407768	-0.299909	-0.258339	-0.030394
AT1G62750.1	-1.364934	-1.165786	-1.175618	-1.129195	-0.95916
AT1G62780.1	0.3016	-0.073717	-0.20353	-0.097435	0.3646
AT1G62820.1	-0.301976	-0.20128	-0.181141	-0.111947	0.234022
AT1G62950.1	-0.437744	-0.377817	-0.110171	0.004644	0.107541
AT1G63770.1	-0.060245	-0.446231	-0.581064	-0.361749	0.081949
AT1G63770.2	-0.261607	-0.261607	-0.261607	-0.203548	0.086748
AT1G63940.1	-1.538919	-1.453996	-1.260195	-1.422958	-1.467051
AT1G63940.3	-0.266797	-0.218097	-0.071996	-0.011287	0.462711
AT1G64050.1	0.320906	-0.267699	0.085464	0.159577	0.589003
AT1G64090.1	-0.589462	-0.589462	-0.589614	-0.556442	-0.389404
AT1G64180.1	-0.745193	-0.19411	0.068534	0.187233	0.326144
AT1G64190.1	-4.046615	-3.636048	-3.225558	-3.020354	-2.815146
AT1G64200.1	-3.342488	-2.664866	-2.570853	-2.643281	-2.7819
AT1G64260.1	-0.151935	-0.939825	-0.688606	-1.031577	-2.235434
AT1G64510.1	-0.189337	-0.048139	0.17326	0.049407	-0.328411
AT1G65260.1	-0.04227	-0.446715	-0.270517	-0.221136	0.057906
AT1G65290.1	-0.029211	-0.001519	0.12915	0.198075	0.270759
AT1G65350.1	-0.557964	-0.511162	-0.525229	-0.74172	-0.46321
AT1G65810.1	-1.593707	-1.593707	-1.324862	-0.88799	-0.787173
AT1G65930.1	-0.403667	-0.147096	-0.063495	-0.072143	-0.075026
AT1G65960.1	-0.686723	-0.419801	-0.352956	-0.179257	0.104455
AT1G65960.2	-0.444333	0.030526	0.301502	0.163631	-0.305716
AT1G65980.1	-0.488078	-0.369031	-0.345222	-0.313696	-0.156069
AT1G66200.1	-0.26299	-0.232834	-0.142366	-0.178179	-0.251695
AT1G66240.1	0.135906	-0.128742	-0.071732	0.043618	0.208687
AT1G66410.1	0.215941	0.095312	0.055281	-0.038494	-0.166974
AT1G66580.1	-0.532438	-0.465278	-0.272635	-0.33736	-0.357463
AT1G66670.1	-0.090995	-0.29417	-0.323195	-0.254817	0.362814
AT1G66930.1	-0.025296	-0.226579	-0.266794	-0.035332	0.255672
AT1G66970.1	0.18756	-0.113132	0.047543	0.104199	0.415084
AT1G67090.1	-0.043956	-0.246123	-0.049001	0.069154	0.092532
AT1G67120.1	-0.295537	-0.295537	-0.295537	-0.228962	0.103913
AT1G67280.1	-0.900213	-0.443629	-0.020079	-0.030324	0.33374
AT1G67700.1	3.779783	3.839482	4.018579	3.85568	3.250131
AT1G68010.1	-0.177374	-0.261018	-0.131619	0.030375	0.234814
AT1G68410.1	-0.244583	-0.195033	-0.046381	-0.035056	0.194993
AT1G68560.1	-0.097717	-0.396984	-0.206732	-0.186331	-0.137263
AT1G68960.1	-0.44062	-0.534404	-0.452704	-0.127304	0.289814
AT1G68980.1	-0.626307	-0.502388	-0.130628	-0.15282	0.169939
AT1G68990.1	-0.120622	-0.402262	-0.158205	-0.011451	0.168665
AT1G69740.1	-0.149542	-0.313773	-0.215234	-0.14794	0.204951
AT1G70180.2	-0.306766	-0.385388	-0.253542	-0.077379	0.155084
AT1G70410.1	-0.356039	-0.264216	0.011255	-0.02097	0.139283
AT1G70430.1	-0.361654	-0.255939	-0.084737	-0.088415	0.08077
AT1G70730.1	-0.109718	-0.658936	-0.42179	-0.333658	0.150374
AT1G70830.1	-0.040842	-0.286159	-0.252673	-0.158082	0.325191
AT1G70830.3	0.086921	-0.263448	-0.333522	-0.22755	0.302314
AT1G70890.1	-0.362571	-0.232974	-0.082759	0.01364	0.125665
AT1G70960.1	-0.079009	-0.234975	-0.257256	-0.241276	0.050289
AT1G71020.2	-0.15297	-0.15297	-0.15297	-0.117765	0.058257
AT1G71100.1	-0.108041	-0.254262	-0.283506	-0.201755	0.207003
AT1G71220.1	-0.066773	-0.141686	-0.059174	0.014064	0.096622
AT1G71500.1	-0.160907	-0.402664	-0.25624	-0.088169	0.12655
AT1G71692.1	0.12776	-0.417553	-0.132188	-0.107536	0.065026
AT1G71695.1	-0.170341	-0.426836	-0.236161	-0.155597	-0.012154
AT1G72130.2	-0.134835	-0.342952	-0.372683	-0.362539	-0.029378
AT1G72150.1	-0.166487	-0.354657	-0.381538	-0.371885	-0.068249
AT1G72370.1	-0.06361	-0.011742	0.085856	0.088098	0.730414
AT1G72610.1	-2.722363	-2.722363	-2.77669	-2.864972	-2.885345
AT1G73230.1	0.348422	-0.150283	-0.067859	-0.020242	0.240614
AT1G73600.1	0.334325	0.022509	-0.022036	-0.017254	0.429832
AT1G74030.1	-0.1456	-0.382577	-0.466076	-0.283525	0.081488
AT1G74050.1	-0.153737	0.051129	-0.239384	-0.337743	0.44882
AT1G74060.1	-0.333678	-0.15951	-0.057837	0.226829	0.81865
AT1G74100.1	-0.123356	-0.066137	0.10552	0.080302	0.154476
AT1G74230.1	-0.246674	-0.262268	-0.264496	-0.204498	0.116653
AT1G74470.1	-1.646828	-1.851043	-1.891886	-1.777573	-1.206004
AT1G74560.3	-0.206312	-0.377984	-0.183376	-0.006847	0.18302
AT1G74970.1	-0.154515	-0.304497	-0.334493	-0.285209	-0.038788
AT1G75330.1	-0.205638	-0.078294	0.196908	-0.000297	0.287287
AT1G75950.1	-0.317565	-0.369902	-0.62191	-0.705684	-0.571486
AT1G76030.1	-0.050704	-0.050704	-0.050704	-0.02459	0.105982
AT1G76080.1	-0.089213	-0.19601	-0.211266	-0.164628	0.213499
AT1G76160.1	-0.865298	-1.285392	-0.981745	-0.777801	-0.561321
AT1G76180.1	-0.22987	-0.327771	-0.196488	-0.053473	0.109179
AT1G76680.1	0.07722	-0.403682	-0.167258	0.018325	0.262679
AT1G76825.1	0.005323	-0.169344	-0.104206	0.101808	0.357552
AT1G77120.1	3.284671	2.972252	2.970619	2.855718	2.357278
AT1G77230.1	-0.221611	-0.160651	-0.095175	-0.272407	-0.035345
AT1G77510.1	-0.201828	-0.397565	-0.311178	-0.196519	-0.044928
AT1G78300.1	-0.505814	-0.547327	-0.352735	0.002512	0.467842
AT1G78360.1	-0.61634	-0.355288	0.087582	0.11025	-0.032494
AT1G78370.1	-0.430793	-0.326589	-0.134345	-0.1263	0.12818
AT1G78380.1	-0.201229	-0.259132	-0.227271	-0.071865	0.284221
AT1G78530.1	-0.065695	-0.440686	-0.215691	-0.142675	0.259905
AT1G78570.1	-0.290183	-0.188219	0.088969	-0.046229	-0.401224
AT1G78820.1	-0.21031	-0.306941	-0.167784	-0.003908	0.195995
AT1G78830.1	-1.216508	-0.621289	0.016841	-0.020664	0.44067
AT1G78850.1	-0.329508	-0.250749	-0.192101	-0.185216	-0.097172
AT1G78900.1	-0.20796	-0.286254	-0.297439	-0.256555	0.054125
AT1G79040.1	-2.31267	-2.475823	-2.257206	-2.021546	-1.76254
AT1G79230.1	-0.365836	-0.264759	-0.0507	-0.212703	0.022132
AT1G79330.1	0.705043	0.362273	0.54549	0.481355	0.368901
AT1G79350.1	-0.512117	-0.509681	-0.521257	-0.541746	-0.566056
AT1G79550.1	-0.183152	-0.448306	-0.223931	-0.078535	0.169018
AT1G79560.1	-0.243642	-0.174328	0.033612	-0.073529	-0.366637
AT1G79850.1	1.503197	1.298642	1.496088	1.647643	1.846847
AT1G79920.1	-0.185286	-0.120401	0.074253	0.044518	0.122943
AT1G79930.1	-0.108961	-0.108961	-0.108961	-0.069904	0.125379
AT1G80380.1	-0.180498	-0.360116	-0.252345	-0.187435	0.155076
AT1G80600.1	-0.194838	-0.307626	-0.17797	-0.056372	0.082527
AT2G01140.1	-0.279622	-0.268434	-0.230396	-0.176539	0.097222
AT2G01250.1	-2.557787	-2.658581	-2.533257	-2.402817	-2.243105
AT2G02010.1	-0.061885	-0.082855	-0.085851	-0.017571	0.35229
AT2G02930.1	-0.233113	-0.188041	-0.052823	0.005584	0.455373
AT2G03140.1	0.16932	-0.310102	0.09734	0.603309	1.178526
AT2G03440.1	-0.195556	-0.195556	-0.195556	-0.165068	-0.012628
AT2G04030.1	0.003507	-0.144983	0.010819	0.208391	0.485347
AT2G04170.1	-0.313204	-0.243363	-0.033842	-0.131863	-0.377527
AT2G04390.1	-0.13656	-0.287267	-0.127477	0.004286	0.140582
AT2G04780.1	-0.257919	-0.324436	-0.235593	-0.135674	-0.008652
AT2G04920.1	-0.181623	-0.181623	-0.181623	-0.160833	-0.05688
AT2G05070.1	-0.094527	-0.264067	-0.162343	-0.100844	0.223605
AT2G05100.1	-0.264641	-0.355288	-0.218902	-0.054958	0.13835
AT2G05710.1	-0.281894	-0.200182	-0.044517	-0.15911	0.247307
AT2G05840.1	-0.460336	-0.402521	-0.344715	-0.3158	-0.286882
AT2G05990.1	-0.558921	-0.130204	0.113431	-0.046131	0.181036
AT2G06025.1	-0.111145	-0.266784	-0.062994	0.154975	0.404739
AT2G06850.1	-0.212025	-0.160797	0.027253	0.044596	0.044275
AT2G07698.1	-0.172161	-0.17265	-0.172748	-0.144222	-0.001595
AT2G10940.1	0.605484	0.400158	0.652133	0.897799	1.148612
AT2G13360.1	-0.084269	0.089304	0.326227	0.155283	-0.446679
AT2G14050.1	-0.000239	-0.136519	0.00454	0.123476	0.271173
AT2G15090.1	-0.217254	-0.187507	-0.020349	0.111283	0.269691
AT2G15320.1	0.020902	-0.162591	0.001556	0.103334	0.211686
AT2G15535.1	-0.337803	-0.255219	-0.007467	-0.048759	0.033824
AT2G15620.1	-0.032684	-0.585254	-0.093611	0.106515	-0.078379
AT2G16360.1	-0.852416	-1.068091	-0.959946	-0.918172	-0.982906
AT2G16365.4	-0.587365	-0.137325	-0.199926	-0.369635	-0.407662
AT2G16600.1	-0.408079	-0.302494	-0.051336	-0.022852	0.407119
AT2G17090.1	-1.001355	-0.885	-0.671746	-0.665611	-0.397456
AT2G17360.1	-1.777104	0.030351	-0.565956	-0.094277	1.066872
AT2G17440.1	-0.217968	-0.217968	-0.400255	-0.53884	0.180964
AT2G17520.1	-0.06379	-0.06379	-0.113494	-0.175623	-0.101068
AT2G17550.1	-0.196034	-0.367174	-0.244971	-0.14889	0.197358
AT2G18020.1	-0.193285	-0.471688	-0.215549	-0.038332	0.185091
AT2G18110.1	-0.336956	-0.336956	-0.421708	-0.443649	0.103468
AT2G18400.1	-2.708127	-0.201535	0.198708	0.116822	0.232502
AT2G18960.1	-4.513346	-0.507756	0.293362	0.310225	0.394536
AT2G19050.1	-0.177046	-0.255544	-0.271243	-0.150577	0.452752
AT2G19120.1	-0.190097	-0.288733	-0.145936	0.023296	0.231303
AT2G19200.1	-0.263589	-0.200881	-0.012759	0.012442	0.357922
AT2G19480.1	-1.419405	-1.724002	-1.4928	-1.421694	-1.411143
AT2G19750.1	-0.304112	-0.261051	-0.13187	-0.11481	0.1212
AT2G19760.1	-0.086372	-0.395545	-0.34671	-0.269472	0.130553
AT2G19940.1	-0.566067	-0.935006	-0.595364	-0.351025	-0.009094
AT2G19950.1	-0.326704	-0.288394	-0.173461	-0.128771	0.228767
AT2G20020.1	-0.026122	-0.026122	-0.026122	-0.000994	0.124645
AT2G20140.1	0.032875	-0.307265	-0.16936	-0.004901	0.184703
AT2G20270.1	-0.467001	-0.407056	-0.261491	-0.38516	-0.528112
AT2G20420.1	-0.245957	-0.125743	-0.043122	-0.014007	0.204793
AT2G20450.1	-0.548449	-0.198616	0.051292	-0.011614	-0.101215
AT2G20890.1	-0.161452	-0.161452	-0.161452	-0.104579	0.179786
AT2G20960.1	0.653838	0.014332	0.160558	0.186917	0.186917
AT2G21130.1	0.571564	0.221736	0.15177	0.182856	0.338288
AT2G21170.1	0.700508	0.700508	0.489605	0.225976	0.54233
AT2G21330.1	0.754684	0.346637	0.265028	0.293707	0.437101
AT2G21510.1	-0.001039	-0.16288	-0.021743	0.107441	0.421536
AT2G21530.1	-0.280524	-0.233511	-0.092472	-0.09038	0.084625
AT2G21660.1	-2.531529	-1.795534	-1.857109	-2.221608	-2.676922
AT2G21870.1	-0.30491	-0.239037	-0.041688	-0.002082	0.428617
AT2G22170.1	6.182344	6.191916	6.243094	6.279675	6.322019
AT2G22230.1	0.412755	0.107126	0.262731	0.309673	0.375433
AT2G23350.1	-0.222109	-0.525264	-0.781091	-0.606542	0.02221
AT2G23450.1	-0.260863	-0.411073	-0.441115	-0.354465	0.07879
AT2G23670.1	-0.11751	-0.034889	0.212973	0.188814	0.357191
AT2G24020.1	-1.236578	-1.048545	-0.899542	-0.85657	-0.898509
AT2G24200.1	-0.291403	-0.256594	-0.15217	-0.052571	0.567252
AT2G24270.1	-0.149754	-0.438794	-0.18504	0.040774	0.576189
AT2G24940.1	-3.487535	-2.952164	-2.844394	-2.833217	-2.777247
AT2G25080.1	-0.331569	-0.167954	-0.004333	0.077473	0.159282
AT2G25560.1	0.274047	-0.162436	-0.241212	-0.131627	0.417364
AT2G25600.1	-0.060453	-0.308862	-0.409503	-0.319326	0.06786
AT2G25630.1	-1.114988	-0.365069	-0.055698	-0.003576	0.456269
AT2G25660.1	-0.241342	-0.223489	-0.16993	-0.094204	0.346913
AT2G26040.1	-0.225257	-0.235148	-0.220574	-0.202951	-0.180808
AT2G26080.1	-1.885633	-1.84917	-1.739783	-1.651612	-1.083138
AT2G26420.1	0.005292	-0.190891	-0.218917	-0.129781	0.582144
AT2G27020.1	-0.409818	-0.332156	-0.068725	-0.121725	-0.350856
AT2G27170.1	-0.174015	-0.550341	-0.328684	-0.209573	-0.035704
AT2G27280.1	-0.231559	-0.660018	-0.548858	-0.339649	-0.049394
AT2G27530.1	-5.29784	-3.816753	-3.520536	-3.438103	-3.025941
AT2G27710.1	-0.215003	-0.31445	-0.33434	-0.256862	0.130528
AT2G27720.1	-0.001891	-0.062893	0.015348	0.099385	0.202965
AT2G27840.1	-0.670866	-0.418522	-0.236561	-0.264812	-0.211649
AT2G27880.1	-0.830337	-0.118249	0.212485	0.162021	0.145099
AT2G28000.1	-0.150587	-0.102619	0.041284	0.060451	0.324174
AT2G28720.1	-0.464014	-0.213122	-0.050651	-0.024092	0.249067
AT2G28820.1	0.161254	-0.17386	-0.039072	0.125289	0.275063
AT2G28880.1	-0.815434	-1.094571	-0.958224	-0.733331	-0.424065
AT2G28900.1	-2.30267	1.468809	-0.919188	-1.224441	-1.225203
AT2G29450.1	-0.215078	-0.332267	-0.169072	0.018942	0.250903
AT2G29550.1	0.187847	-0.514984	-0.04643	0.012139	0.012139
AT2G30110.1	-0.381606	-0.301949	-0.062979	-0.041443	0.345039
AT2G30860.1	0.168074	-0.14393	-0.044446	0.141102	0.395932
AT2G30870.1	-0.563151	-0.408933	-0.065081	0.013754	0.79919
AT2G30950.1	-0.811497	-0.38172	-0.295765	-0.264268	-0.106783
AT2G30970.1	-0.579498	-0.208796	-0.012697	-0.08656	0.024706
AT2G31390.1	-2.269827	-3.455054	-2.664902	-2.566133	-2.566133
AT2G31570.1	-0.229235	-0.19141	-0.077936	-0.048875	0.228819
AT2G31610.1	-1.934608	-1.746054	-2.021219	-2.156566	-1.596404
AT2G32060.1	-0.230576	-0.459149	-0.306767	-0.28772	-0.28772
AT2G32220.1	-0.225068	-0.554659	-0.296249	-0.148245	0.154654
AT2G32970.1	-0.22228	-0.198032	-0.125288	-0.056866	0.370115
AT2G33040.1	-0.643555	-0.895259	-1.334898	-1.06766	-0.218094
AT2G33150.1	0.233812	-0.3896	-0.503326	-0.532742	-0.419387
AT2G33210.1	-0.319646	-0.271095	-0.125441	-0.130473	0.014298
AT2G33540.1	-0.106049	-0.375096	-0.275547	-0.051368	0.273012
AT2G33680.1	-0.597177	-0.399113	-0.720234	-0.854972	0.019221
AT2G33800.1	0.109452	-0.482429	-0.286643	-0.110316	0.080857
AT2G34310.1	-0.104989	-0.473618	-0.302272	-0.028828	0.357801
AT2G34430.1	-0.331852	-0.279101	-0.120848	-0.106318	0.150959
AT2G34460.1	-0.134351	-0.455634	-0.353477	-0.30957	-0.069231
AT2G34480.1	-0.122463	-0.44434	-0.332767	-0.270483	0.06293
AT2G34750.1	0.011634	-0.138229	-0.168202	-0.039325	0.605059
AT2G35370.1	0.032126	-0.489443	-0.450678	-0.35323	0.151897
AT2G35410.1	-0.22535	-0.196463	-0.109805	-0.092845	0.093055
AT2G35490.1	-0.13912	-0.467846	-0.27061	-0.195459	0.213173
AT2G35840.1	-0.318766	-0.277636	-0.154246	-0.1304	0.132784
AT2G36160.1	-0.301626	0.151714	0.242382	0.264046	0.372363
AT2G36460.1	-0.339549	-0.189569	0.030297	0.042042	0.338103
AT2G36530.1	0.021558	-0.198072	-0.186598	-0.062546	0.127799
AT2G36650.1	-5.205424	0.055665	0.338493	0.322396	0.448016
AT2G36830.1	-1.314154	0.12573	0.331597	0.223416	0.127296
AT2G36880.1	-0.193263	-0.326389	-0.163038	-0.000018	0.181469
AT2G37040.1	-1.338598	-1.808965	-1.978277	-1.676492	-1.101914
AT2G37080.1	-1.544171	-2.064145	-2.390198	-2.261538	-1.895811
AT2G37190.1	-0.270094	-0.22907	-0.105998	-0.093341	0.113532
AT2G37220.1	0.124846	-0.297967	0.036727	0.175951	0.286557
AT2G37270.1	-1.521474	-1.521474	-1.735186	-1.967378	-1.472067
AT2G37660.1	-0.196106	-0.579669	-0.805978	-0.556694	-0.1127
AT2G38040.1	0.0041	-0.402122	-0.103386	-0.034633	-0.076514
AT2G38230.1	-0.137625	-0.427302	-0.242655	-0.191266	0.010635
AT2G38240.1	-0.343172	-0.476252	-0.387532	-0.376442	-0.376442
AT2G38270.1	-0.505259	-0.415567	-0.082081	0.033497	0.426128
AT2G38540.1	-1.25502	-1.110565	-0.817523	-0.864693	-0.770353
AT2G38590.1	-0.492849	-0.409053	-0.157666	-0.156767	0.141011
AT2G39280.1	-0.111826	0.056336	0.098992	0.137314	0.340199
AT2G39460.1	-0.157458	-0.258309	-0.272717	-0.197934	0.312849
AT2G39730.1	-0.247302	-0.364749	-0.218977	-0.068418	0.112516
AT2G40010.1	-0.479611	-0.416173	-0.200484	-0.141824	0.176854
AT2G40290.1	0.12656	-0.066918	-0.159415	-0.212143	0.289436
AT2G40490.1	-0.236747	-0.302566	-0.202575	-0.078519	0.079477
AT2G40510.1	-0.018969	-0.258685	-0.120724	0.018572	0.192319
AT2G40840.1	-0.294815	-0.561582	-1.296864	-0.886394	-0.271627
AT2G41530.1	-0.495871	-0.758137	-0.655229	-0.489097	-0.268526
AT2G41680.1	-0.221957	-0.290885	-0.173182	-0.019612	0.16345
AT2G41840.1	-0.300787	-0.721413	-0.805538	-0.664796	0.038916
AT2G42130.1	-0.388441	-0.388441	-0.388441	-0.329126	-0.032552
AT2G42530.1	-0.058007	-0.250044	-0.082003	0.038648	0.25176
AT2G42540.1	-0.031632	-0.245191	-0.276922	-0.20269	-0.098949
AT2G42590.1	-0.157932	-0.294694	-0.11376	0.086911	0.337645
AT2G42590.3	-0.431415	-0.20366	-0.04106	-0.022956	0.213878
AT2G42600.1	-0.455189	-0.264187	0.10526	-0.405798	-0.714993
AT2G42650.1	-0.032127	-0.484305	-0.403255	-0.316487	0.138793
AT2G42740.1	-0.488536	-1.373601	-1.396426	-0.864417	-0.130666
AT2G43030.1	-0.316071	-0.22112	-0.036742	-0.209811	0.035853
AT2G43090.1	-2.179733	-0.442643	0.198394	0.090338	-0.08292
AT2G43460.1	-2.882919	0.259618	0.319157	0.211262	0.198216
AT2G43560.1	0.026684	-0.211402	-0.25902	-0.162052	0.322789
AT2G43710.1	-0.130698	-0.187372	-0.107429	-0.014842	0.097734
AT2G43750.1	-0.152025	-0.361911	-0.145009	0.028555	0.212338
AT2G43910.1	-0.13562	0.251186	0.282468	-0.047332	0.375649
AT2G44060.1	-0.091619	-0.321549	-0.128277	-0.028372	0.065467
AT2G44120.1	-0.113513	-0.501951	-0.268888	-0.230229	0.001911
AT2G44160.1	-0.107258	-0.285073	-0.320635	-0.22756	0.237817
AT2G44350.1	-0.268791	-0.37322	-0.23528	-0.078682	0.131312
AT2G45080.1	-0.18474	-0.046519	0.325052	0.059685	-0.468901
AT2G45330.1	-0.23044	0.008133	0.119725	0.150034	0.381425
AT2G45470.1	0.99573	-0.458573	-0.284424	-0.255361	-0.051919
AT2G45710.1	-0.110057	-0.064292	-0.01849	0.00442	0.027336
AT2G45740.1	2.998478	2.939537	2.931117	3.031065	3.610797
AT2G45790.1	-0.640944	-0.164107	-0.011747	0.013723	0.212316
AT2G45960.1	-0.286944	0.042254	0.14667	0.17954	0.392108
AT2G46040.1	0.045174	-0.305612	-0.228919	-0.103739	0.049267
AT2G46280.1	0.070376	-0.249711	-0.419704	-0.541783	0.245289
AT2G46820.1	-0.479436	-0.416375	-0.20053	-0.150333	0.114722
AT2G47390.1	-0.360829	-0.586247	-0.425536	-0.265739	0.358471
AT2G47470.1	-0.300558	-0.47975	-0.372235	-0.309848	0.020005
AT2G47510.1	-0.21407	-0.361847	-0.382958	-0.359756	-0.043191
AT2G47610.1	-0.305869	-0.261023	-0.126486	-0.044346	0.523311
AT2G47730.1	-0.085784	-0.085784	-0.167245	-0.269072	-0.14688
AT3G01120.1	-0.529225	-0.475853	-0.31574	-0.299516	-0.031596
AT3G01280.1	-0.532281	-0.455988	-0.285302	-0.253211	0.101527
AT3G01480.1	-0.14235	-0.331609	-0.083872	0.191163	0.545355
AT3G01500.1	-2.608675	-2.662782	-2.673603	-2.590956	-2.177722
AT3G01500.2	-0.34451	-0.275146	-0.067057	-0.033068	0.379648
AT3G02080.1	-0.085394	-0.284195	-0.098669	0.041999	0.251821
AT3G02090.1	-0.004641	-0.515089	-0.330801	-0.247057	0.207462
AT3G02230.1	-0.292684	-0.278139	-0.1277	0.105411	0.494146
AT3G02260.1	-0.186586	-0.20469	-0.16814	0.000856	0.078298
AT3G02360.1	-0.21414	-0.515909	-0.334848	-0.261312	0.136545
AT3G02520.1	-1.491006	-1.71337	-1.601585	-1.479656	-1.319045
AT3G02560.1	0.312609	0.399152	0.485695	0.528966	0.572238
AT3G02730.1	-0.211617	-0.181232	-0.090074	-0.112864	-0.12046
AT3G02780.1	-0.124164	-0.409705	-0.346461	-0.182952	-0.01934
AT3G03250.1	-1.368594	-1.296126	-0.968937	-0.818796	-0.665268
AT3G03780.1	-0.378533	-0.350947	-0.268187	-0.220207	0.116244
AT3G03920.1	-0.666826	-0.58155	-0.325722	-0.328098	-0.041511
AT3G03960.1	-1.959018	-1.959018	-1.861323	-1.661833	-1.421523
AT3G04100.1	-0.335141	-0.281071	-0.308106	-0.20158	0.283741
AT3G04120.1	-0.064501	-0.299748	-0.145578	-0.075811	0.195623
AT3G04550.1	-0.208165	-0.124817	0.125227	0.133766	0.468179
AT3G04790.1	-0.724214	-0.857446	-1.274013	-1.134293	-0.771259
AT3G04840.1	-1.666414	-1.430329	-1.283303	-1.323409	-1.400596
AT3G04870.1	0.143116	-0.335741	-0.157365	-0.073965	-0.148116
AT3G04920.1	-0.270307	-0.196961	0.023078	0.039169	0.376334
AT3G05090.1	-0.178947	-0.934316	-0.378733	-0.25078	-0.328786
AT3G05560.1	-1.474202	-1.474202	-1.63992	-1.749337	-1.012115
AT3G05590.1	-0.385358	-0.278893	0.040503	-0.01273	0.093735
AT3G06050.1	-0.036479	-0.106159	-0.054774	0.031271	0.153153
AT3G06310.1	-0.018257	-0.386508	-0.106337	0.134858	0.185675
AT3G06470.1	0.646242	0.174108	0.417918	0.474107	0.581504
AT3G06530.1	-0.359016	-0.126139	0.078682	-0.031976	-0.387458
AT3G06580.1	6.318619	6.318619	6.172881	5.871059	5.491422
AT3G06650.1	-0.52498	-0.455054	-0.245276	-0.20892	0.217599
AT3G06720.1	0.872727	0.394443	0.30882	0.271193	0.321362
AT3G06730.1	-0.72506	-0.170262	0.0734	0.037804	0.025699
AT3G07110.1	-0.174362	-0.351702	-0.16948	-0.022224	0.144204
AT3G07390.1	-0.897505	-0.220143	0.109525	0.194647	0.292726
AT3G07920.1	-0.306673	-0.273159	-0.172616	-0.119692	0.262227
AT3G08020.1	-0.27295	-0.064238	0.144467	0.248815	0.353162
AT3G08030.1	-0.041054	-0.11806	-0.133461	-0.038612	0.435633
AT3G08530.1	-0.04301	-0.478993	-0.088056	0.152966	0.399237
AT3G08560.1	-0.466899	-0.449021	-0.314492	-0.178439	-0.062535
AT3G08580.1	0.002754	-0.366288	-0.159058	-0.223994	-0.401762
AT3G08590.1	0.622399	0.177282	0.341063	0.356907	0.467724
AT3G08740.1	-0.470523	-0.432241	-0.317392	-0.298873	-0.072287
AT3G08940.1	-0.278797	-0.21587	-0.001919	0.087697	0.56095
AT3G08940.2	-1.064984	0.921185	1.089468	0.492931	0.212395
AT3G09070.1	-0.26532	-0.19018	-0.147036	-0.103242	0.150876
AT3G09200.1	-0.093963	-0.007387	0.010146	-0.335888	0.113983
AT3G09260.1	-0.149773	-0.552896	-0.44898	-0.246168	0.061435
AT3G09440.1	-0.770483	-0.481521	-0.192574	-0.048105	0.096364
AT3G09630.1	-0.2862	-0.289065	-0.289566	-0.28998	-0.290338
AT3G09650.1	0.28903	-0.407993	-0.371679	-0.116766	0.294932
AT3G09820.1	-0.382607	-0.32035	-0.201304	-0.160059	0.17941
AT3G09820.2	-2.041306	-2.176502	-1.986326	-1.766097	-1.496639
AT3G09840.1	-0.198398	-0.405652	-0.281612	-0.213388	0.148418
AT3G10060.1	-0.175792	-0.10133	0.122057	0.104431	0.27692
AT3G10090.1	-0.217502	-0.217502	-0.217502	-0.217502	-0.217502
AT3G10750.1	0.058581	0.058581	0.058581	0.058581	0.058581
AT3G10920.1	-0.249784	-0.20257	-0.06093	-0.026836	0.308877
AT3G11130.1	-0.388154	-0.270125	0.083963	-0.004559	-0.034067
AT3G11400.1	-0.561749	-1.009916	-0.99663	-0.319065	0.912106
AT3G11630.1	-0.19735	-0.322759	-0.240844	-0.231238	-0.222362
AT3G11780.1	-0.128747	-0.338587	-0.201338	-0.169545	-0.077525
AT3G11930.1	-0.291104	-0.260341	-0.168053	-0.138569	0.116522
AT3G12290.1	-0.820919	-0.098917	0.048487	-0.052272	-0.077058
AT3G12390.1	-0.099921	-0.408711	-0.207825	-0.136061	0.132646
AT3G12490.1	-0.278813	-0.590156	-0.652424	-0.552222	-0.051211
AT3G12780.1	-3.409961	-3.409961	-3.599112	-3.782087	-3.231041
AT3G13120.1	-0.209357	-0.416653	-0.278455	-0.261181	-0.261181
AT3G13330.1	-0.348301	-0.113906	-0.231104	-0.112467	0.275619
AT3G13470.1	-0.229765	-0.300064	-0.19622	-0.073516	0.069136
AT3G13840.1	-0.013275	-0.004401	0.025771	0.07888	0.347979
AT3G13920.1	-0.056859	-0.435581	-0.233786	-0.187051	0.081321
AT3G13920.3	-0.070086	-0.356063	-0.174	-0.154463	-0.109374
AT3G13930.1	-0.47992	-0.381911	0.081944	0.324456	0.563895
AT3G14067.1	-0.009033	-0.386885	-0.333009	-0.320563	-0.320563
AT3G14090.1	-0.047496	-0.228931	-0.25485	-0.236556	0.101144
AT3G14210.1	-0.359294	-0.50478	-0.395965	-0.241409	0.379114
AT3G14310.1	-1.191556	-1.003718	-0.471821	-0.664075	-0.722891
AT3G14390.1	-0.257959	-0.214234	-0.08306	-0.007284	0.524633
AT3G14415.1	-0.239397	-0.086618	-0.056062	0.073254	0.719834
AT3G14420.1	-0.012196	-0.150853	-0.170661	-0.214891	-0.247864
AT3G14420.6	0.315686	-0.077026	-0.133128	-0.256409	-0.33985
AT3G14460.1	-0.147467	-0.281726	-0.308578	-0.240458	0.100139
AT3G14610.1	-0.355389	-0.287205	-0.244295	-0.116706	0.172271
AT3G14940.1	0.022338	0.022338	0.022338	0.057787	0.235033
AT3G14990.1	-0.052578	-0.277445	-0.159999	0.044049	0.316028
AT3G15000.1	-0.000184	-0.085538	0.009778	0.102407	0.222713
AT3G15190.1	-1.297468	-1.349252	-1.359609	-1.275896	-0.857335
AT3G15350.1	0.037147	-0.354152	-0.154225	-0.103757	0.183351
AT3G15360.1	-1.226992	-0.706037	-0.578625	-0.604189	-0.568053
AT3G15730.1	0.02596	-0.269481	-0.629525	-0.417561	0.266066
AT3G16400.1	-0.189344	-0.481117	-0.27658	-0.169427	0.16709
AT3G16410.1	-0.357442	-0.2214	-0.103235	-0.102294	0.016106
AT3G16420.1	-0.316643	-0.224306	0.052703	0.08017	0.540682
AT3G16450.1	-0.874197	-0.789209	-0.672757	-0.438889	-0.193308
AT3G16460.1	-0.236902	-0.610263	-0.283626	-0.070879	0.234887
AT3G16470.1	-0.282901	-0.509822	-0.312095	-0.097297	0.522188
AT3G16640.1	-0.121692	-0.121692	-0.069045	0.041401	0.185613
AT3G17240.1	-0.260454	-0.387294	-0.214464	-0.01847	0.224555
AT3G17390.1	-0.241414	-0.19665	-0.062357	-0.033717	0.266157
AT3G18190.1	-0.402368	-0.37361	-0.287338	-0.273001	-0.100669
AT3G18310.1	-0.110073	-0.659372	-0.293173	-0.247398	-0.247398
AT3G18330.1	0.433715	0.633044	0.91755	1.558925	2.511035
AT3G18740.1	-0.169119	-0.410642	-0.265728	-0.209585	0.095281
AT3G18940.1	-0.938206	-0.015355	0.169064	0.220944	0.476755
AT3G19170.1	-0.242087	-0.150082	0.002472	-0.328063	-0.701903
AT3G19710.1	-0.011355	-0.472563	-0.195838	-0.09242	0.470794
AT3G19820.1	-0.360201	-0.307707	-0.052588	0.091827	0.240923
AT3G19960.1	-0.249179	-0.249179	-0.122615	0.088048	0.160492
AT3G20210.1	-0.036645	-0.156815	-0.05208	0.011548	0.07338
AT3G20390.1	-0.370747	-0.259766	0.073178	-0.023231	-0.116843
AT3G20820.1	6.358386	6.155621	6.126655	6.164024	6.626049
AT3G21055.1	0.910028	0.738488	0.903166	1.149849	1.543669
AT3G21150.1	-0.22282	-0.460648	-0.494624	-0.454155	0.070959
AT3G21230.1	-1.215341	-0.199509	0.298485	0.129059	-0.349537
AT3G22200.1	1.117712	0.149113	0.720356	1.435578	2.389127
AT3G22460.1	0.025024	0.056077	0.149235	0.103861	-0.014326
AT3G22790.1	-0.097271	-0.097271	-0.097271	-0.048155	0.197423
AT3G22890.1	-0.23019	-0.217205	-0.178251	-0.145341	0.064655
AT3G23400.1	-0.110016	-0.109911	-0.10935	-0.108929	-0.108382
AT3G23460.1	-4.244792	-4.567354	-4.554073	-4.413244	-4.170694
AT3G23600.1	-0.286154	-0.102932	-0.003283	-0.014534	0.007968
AT3G23810.1	-0.360244	-0.281455	-0.045087	-0.05853	0.15002
AT3G23940.1	-0.254071	-0.201623	-0.044278	-0.058177	0.055898
AT3G23990.1	-0.087643	-0.107057	-0.11094	-0.031202	0.367487
AT3G24170.1	-0.567534	0.043199	0.292637	0.219889	0.051438
AT3G24503.1	-0.017117	-0.452876	-0.191421	-0.155624	0.066938
AT3G24830.1	-0.065956	-0.4781	-0.137361	0.055845	0.338824
AT3G25220.1	-0.168501	-0.541597	-0.379942	-0.33041	-0.053213
AT3G25230.1	-0.124099	-0.069159	0.0489	-0.037022	0.08806
AT3G25520.1	-0.965654	-1.150077	-0.534253	-0.010841	-1.290405
AT3G25530.1	-0.059775	-0.279175	-0.147535	-0.08524	0.248179
AT3G25860.1	0.065568	-0.24301	-0.057863	-0.042435	0.065568
AT3G25920.1	-0.668375	-0.224655	-0.085775	0.091345	0.325748
AT3G26060.1	-0.053572	-0.466205	-0.191116	-0.15673	-0.15673
AT3G26070.1	-0.465116	-0.291988	0.070033	0.074228	0.504445
AT3G26420.1	-0.184192	-0.18353	-0.181282	-0.135106	0.096043
AT3G26450.1	-2.141676	-2.022043	-1.866791	-1.843179	-1.560967
AT3G26520.1	-0.573499	-0.491598	-0.245896	-0.235625	0.102379
AT3G26618.1	-0.320044	-0.27363	-0.134387	-0.099479	0.237513
AT3G26650.1	-0.292544	-0.217451	-0.069815	0.016851	0.106107
AT3G26670.1	-0.229741	-0.545978	-0.422533	-0.398754	-0.40633
AT3G26830.1	-0.032925	-0.477042	-0.108245	0.069132	0.207394
AT3G27160.1	-0.41098	-0.389707	-0.325886	-0.224222	0.358559
AT3G27280.1	-3.05202	-2.560214	-2.394116	-2.459566	-2.556828
AT3G27610.1	2.169443	1.736646	1.996324	2.05592	2.397177
AT3G27690.1	0.010387	-0.18229	-0.292542	-0.113439	0.245787
AT3G27740.1	-0.168535	-0.439792	-0.222003	-0.111547	0.041336
AT3G27830.1	0.129187	-0.079689	-0.109529	-0.091256	0.283584
AT3G27850.1	-0.224531	-0.330862	-0.135698	0.09743	0.255622
AT3G28570.1	-0.007011	-0.352074	-1.297758	-0.691205	0.440183
AT3G28710.1	-0.154611	-0.242903	-0.189928	-0.131859	0.167315
AT3G28830.1	-0.874931	0.257259	0.120897	-0.162112	-0.410753
AT3G28990.1	-0.144496	-0.286791	-0.214581	-0.145307	0.213644
AT3G29320.1	-0.063845	-0.466293	-0.203619	-0.168848	-0.119094
AT3G29360.1	0.397526	0.395914	0.395592	0.395592	0.395592
AT3G29635.1	-0.341288	-0.292444	-0.053199	0.087532	0.243602
AT3G32980.1	-0.014616	-0.172513	-0.116469	0.025746	0.237702
AT3G42050.1	0.803362	0.73234	0.673252	0.752693	1.09379
AT3G43432.1	-0.268124	-0.214377	-0.031635	0.021161	0.306641
AT3G44100.1	-0.091623	-0.206778	-0.102261	-0.057982	-0.099602
AT3G44200.1	-0.241865	-0.435609	-0.463286	-0.41687	0.078146
AT3G44300.1	0.148407	-1.085926	-0.522795	-0.23658	0.114114
AT3G44310.1	0.006068	0.006411	0.007578	0.042399	0.216642
AT3G44320.1	-0.218906	-0.279738	-0.190795	-0.078398	0.083237
AT3G44540.1	-0.064171	-1.050782	-0.42807	-0.18387	0.191001
AT3G44710.1	-1.921464	-1.795652	-1.418666	-1.481491	-1.35584
AT3G44890.1	-0.233722	-0.233722	-0.233722	-0.18061	0.08495
AT3G45030.1	-0.468549	-0.377476	-0.061182	-0.079173	-0.184218
AT3G45140.1	-0.182061	-0.111187	0.05426	0.040261	0.159353
AT3G45310.1	-0.236153	-0.210747	-0.124367	-0.058831	0.27901
AT3G46060.1	-0.404363	-0.330897	-0.110498	-0.070519	0.386508
AT3G46110.1	-0.332761	-0.118955	0.012284	0.101467	0.65798
AT3G46430.1	0.127548	-0.200195	-0.055696	-0.024276	0.159081
AT3G46740.1	-0.568646	-0.568646	-0.568646	-0.518228	-0.26614
AT3G46780.1	2.701413	2.770528	3.094894	3.26239	3.434848
AT3G46970.1	-1.21034	-1.698323	-1.79592	-1.698175	-1.20945
AT3G47070.1	-0.037581	-0.373102	-0.238284	-0.160668	0.252652
AT3G47110.1	-1.404725	0.111012	0.246937	-0.183712	-0.482031
AT3G47370.1	-0.136081	-0.237783	-0.252311	-0.202073	0.187142
AT3G47470.1	-1.011098	-0.418954	-0.11675	-0.061181	-0.110449
AT3G47520.1	-0.166969	-0.34369	-0.118668	0.122997	0.423441
AT3G47650.1	0.016809	-0.0909	-0.112442	0.027881	0.729495
AT3G47800.1	-0.213081	0.068509	0.130839	0.059162	0.041439
AT3G48000.1	-0.147863	-0.127879	-0.067925	-0.012212	0.336297
AT3G48170.1	-0.160425	-0.182879	-0.18737	-0.102842	0.319801
AT3G48190.1	-0.769352	-0.204591	0.121507	0.104466	0.285689
AT3G48420.1	-0.308257	-0.268511	-0.149275	-0.110018	0.225378
AT3G48670.1	-0.317557	-0.262338	-0.09668	-0.086247	0.159182
AT3G48730.1	-0.251488	-0.506195	-0.410865	-0.195442	0.109843
AT3G48770.1	-0.150357	-0.260568	-0.542421	-0.291794	0.197552
AT3G48810.1	-0.149906	-0.149906	-0.125507	-0.125189	-0.312694
AT3G48850.1	-0.109688	-0.217881	-0.068408	0.104001	0.321542
AT3G48930.1	0.030686	-0.168274	-0.351051	-0.510431	0.158938
AT3G49010.1	-0.119616	-0.260272	-0.07899	0.122656	0.392154
AT3G49120.1	-0.426145	-0.388469	-0.275441	-0.235268	0.097464
AT3G49560.1	0.051758	-0.265502	-0.295677	-0.05571	0.1906
AT3G49900.1	0.229839	-0.008692	-0.042768	-0.040648	0.29367
AT3G49910.1	-0.138611	-0.101272	0.010745	0.066074	0.473408
AT3G50050.1	-0.163983	-0.58551	-0.275936	-0.117541	0.277491
AT3G50280.1	-0.285819	-0.264675	-0.192783	-0.150724	0.068027
AT3G50651.1	-0.752344	-0.452556	-0.042275	-0.136112	-0.167391
AT3G50820.1	0.073787	-0.367545	-0.207548	-0.142002	0.216764
AT3G51260.1	-0.223465	0.071388	0.343347	0.202769	-0.233884
AT3G51570.1	-0.568812	-0.316602	-0.261267	-0.151303	0.404634
AT3G51800.1	3.79065	3.454927	3.406967	3.411186	3.887907
AT3G51840.1	-2.396328	-1.124122	-0.858005	-0.893077	-1.053841
AT3G52150.1	0.001058	-0.030865	-0.126634	0.325322	2.473367
AT3G52180.1	-0.211161	-0.112091	0.074999	0.26736	0.526582
AT3G52300.1	-0.167156	-0.28006	-0.140569	-0.000566	0.15469
AT3G52380.1	0.023498	-0.27712	-0.192576	-0.166956	-0.241467
AT3G52720.1	-0.008383	-0.032948	-0.134599	-0.130956	0.017915
AT3G52880.1	-0.331076	-0.331076	-0.19594	0.103467	0.553198
AT3G52930.1	-0.002434	-0.282122	-0.069657	0.261845	0.705961
AT3G52960.1	-0.581035	-0.581035	-0.581245	-0.581655	-0.582085
AT3G52990.1	-0.123776	-0.465152	-0.347696	-0.158937	0.104236
AT3G53020.1	1.943674	2.008839	1.966398	1.636396	2.058465
AT3G53260.1	-0.122547	-0.394291	-0.176454	0.13508	0.534631
AT3G53420.1	-0.060448	-0.320499	-0.372509	-0.208978	0.608678
AT3G53460.1	-0.46879	-0.30701	0.17833	0.056995	0.01655
AT3G53540.1	-0.233314	-0.344749	-0.815852	-0.754432	0.222843
AT3G54050.1	-0.705316	-0.306308	-0.104306	-0.142751	-0.182227
AT3G54400.1	-0.445738	-0.491159	-0.406669	-0.290738	-0.150125
AT3G54470.1	-0.772479	0.116689	0.351642	0.263315	0.217755
AT3G54640.1	-0.270788	-0.353777	-0.294815	-0.205037	0.181092
AT3G54820.1	-0.109515	-0.110803	-0.11106	-0.076599	0.095706
AT3G54890.1	-0.371075	-0.320155	-0.167395	-0.120447	0.292514
AT3G54900.1	-0.121963	-0.412062	-0.470082	-0.382427	0.055846
AT3G54910.1	-0.683283	-0.621848	-0.337535	-0.193061	-0.036727
AT3G55060.1	-0.286954	-0.286954	-0.286954	-0.286954	-0.286954
AT3G55070.1	-0.486921	-0.35209	0.052403	-0.010947	0.144209
AT3G55120.1	-0.250618	-0.645926	-0.724988	-0.52851	0.453883
AT3G55280.1	-0.140476	-0.463533	-0.269699	-0.199456	0.184063
AT3G55410.1	-0.130615	-0.452444	-0.288923	-0.244865	0.003908
AT3G55440.1	-0.2365	-0.195867	-0.07397	-0.076111	0.055394
AT3G55500.1	-0.634373	-0.981745	-0.773322	-0.701867	-0.309856
AT3G55700.1	-0.274188	-0.07468	-0.00843	-0.022793	-0.061673
AT3G55800.1	-0.166526	-0.449509	-0.506105	-0.466786	-0.270189
AT3G56070.1	-0.424636	-0.225282	-0.185411	-0.120988	0.201129
AT3G56150.1	-4.069723	-4.75775	-4.344934	-4.245029	-3.676704
AT3G56190.1	-0.568166	-0.531879	-0.42302	-0.346982	0.16021
AT3G56240.1	-0.159648	-0.318054	-0.222913	-0.178768	0.057042
AT3G56310.1	-0.339492	-0.166389	0.101497	-0.010943	0.164386
AT3G56320.1	-0.223182	-0.292456	-0.406666	-0.136905	0.243939
AT3G56490.1	-2.315836	-2.104281	-1.923437	-1.931017	-1.792908
AT3G56910.1	-0.336161	-0.170015	-0.052169	-0.019938	0.246986
AT3G56940.1	-0.276347	-0.223023	0.044466	0.206415	0.369542
AT3G57140.1	-0.202014	-0.458435	-0.304583	-0.233515	0.147468
AT3G57150.1	0.19911	0.224601	0.205719	0.201235	0.204067
AT3G57610.1	-0.427868	-0.363591	-0.049904	0.1297	0.316075
AT3G57740.1	-0.105473	-0.465561	-0.222786	-0.162938	-0.034784
AT3G58140.1	0.210391	-0.190262	0.05013	0.096782	0.37011
AT3G58410.1	-2.128521	-1.337321	-1.382225	-1.591093	-1.742566
AT3G58610.1	-0.51386	-0.434485	-0.196361	-0.20099	0.053677
AT3G58730.1	-0.75782	0.178997	0.301922	0.37932	0.685762
AT3G58790.1	-0.064516	-0.628496	-0.290108	-0.217691	0.200791
AT3G58860.1	-0.255862	0.088211	0.065298	0.133524	0.359992
AT3G59080.1	0.318991	-0.305892	-0.093415	-0.014982	0.419366
AT3G59400.1	-0.448976	-0.387622	-0.367568	-0.325148	-0.103321
AT3G59760.1	-0.080618	-0.311801	-0.358038	-0.247602	0.304579
AT3G59920.1	-0.206754	-0.464162	-0.198089	-0.023128	0.012297
AT3G59970.1	-0.191546	-0.296105	-0.245221	-0.15786	0.28792
AT3G59970.3	1.030524	0.777587	0.814731	1.063676	1.438102
AT3G60060.1	-0.587346	-0.055287	0.051125	0.125503	0.497393
AT3G60750.1	-0.05033	-0.05033	-0.05033	-0.014758	0.163105
AT3G60770.1	0.003085	-0.246626	-0.282299	-0.243422	0.289858
AT3G60820.1	-0.210037	-0.408558	-0.181657	0.033081	0.291262
AT3G61111.1	-0.796787	-0.465528	-0.134499	0.030858	0.196131
AT3G61440.1	-0.2303	-0.106974	0.014829	-0.265263	0.110999
AT3G61470.1	-0.152927	-0.120168	-0.021893	0.02732	0.388039
AT3G61540.1	-0.262263	-0.233076	-0.133839	-0.090964	0.135086
AT3G61730.1	-0.108871	-0.380002	-0.418735	-0.428913	-0.111836
AT3G62000.1	-3.052575	-3.725054	-2.969777	-2.41493	-2.299821
AT3G62030.1	-0.637569	-0.338404	-0.132462	-0.120603	0.12133
AT3G62120.1	-0.286144	-0.458837	-0.255351	-0.055623	0.186297
AT3G62250.1	-0.215199	-0.175056	-0.081513	0.091568	0.377797
AT3G62410.1	0.073718	-0.283374	-0.610186	-0.330282	0.19636
AT3G62530.1	0.07225	-0.302834	-0.078804	-0.024503	0.284384
AT3G62590.1	0.024117	-0.077615	-0.009794	-0.001316	-0.001316
AT3G62870.1	-3.080631	-0.069251	0.426772	0.224884	0.013747
AT3G63140.1	-0.915339	-0.299744	0.085282	-0.0029	-0.11643
AT3G63160.1	-1.038486	-0.926655	-0.59116	-0.753393	-1.17315
AT3G63170.1	-0.181844	-0.462428	-0.286078	-0.244272	-0.069177
AT3G63190.1	-0.159063	-0.250941	-0.135701	-0.015782	0.127118
AT3G63410.1	-0.063394	-0.0633	-0.062777	-0.062357	-0.061802
AT3G63460.1	-0.67548	-0.914015	-0.961722	-0.866021	-0.387517
AT3G63490.1	-0.157204	-0.22855	-0.358382	-0.110773	0.224958
AT4G00100.1	0.306786	-0.614136	-1.029317	-0.395563	-1.248318
AT4G01050.1	0.063307	-0.318489	-0.078098	0.051694	0.228284
AT4G01150.1	-0.282512	-0.282512	-0.282893	-0.283511	-0.283654
AT4G01310.1	-0.114257	-0.114146	-0.101612	-0.05598	0.078036
AT4G01690.1	-0.229144	-0.337123	-0.199351	-0.052694	0.125759
AT4G01900.1	-0.16548	-0.42468	-0.239634	-0.140014	0.155183
AT4G02405.1	0.461909	-0.011641	0.165982	0.192854	0.361255
AT4G02450.1	-0.156204	-0.24368	-0.137866	0.017383	0.389075
AT4G02520.1	-0.755986	-0.631275	-0.26853	-0.380567	-0.416015
AT4G02530.1	-0.239085	-0.529367	-0.570836	-0.526505	0.089107
AT4G02770.1	-0.543	-0.465554	-0.233214	-0.226756	0.076592
AT4G02930.1	-3.287857	-3.287857	-3.343231	-3.412448	-3.329387
AT4G03000.1	-0.44341	-0.211519	-0.047156	0.101368	0.32802
AT4G03280.1	-0.299493	-0.527116	-0.308485	0.008626	0.364984
AT4G03280.2	-3.531409	-3.442694	-3.176551	-3.182866	-2.903937
AT4G03520.1	-0.005619	-0.471816	-0.479309	-0.346243	0.329806
AT4G04020.1	-0.175763	-0.17566	-0.175645	-0.15141	-0.030375
AT4G04640.1	-0.17193	-0.17193	-0.095188	0.036105	0.097826
AT4G04800.1	-1.443793	-1.82864	-1.883621	-1.811963	-1.450926
AT4G04955.1	0.211053	-0.293213	-0.429374	-0.441695	-0.507714
AT4G05180.1	-0.114504	-0.501779	-0.269414	-0.232439	-0.008839
AT4G05200.1	-0.290664	-0.36706	-0.377974	-0.34779	-0.093188
AT4G08210.1	-0.275865	-0.275865	-0.275865	-0.22511	0.028667
AT4G08390.1	-0.095042	-0.067675	0.014426	0.049177	0.318716
AT4G08580.1	-0.06779	-0.35088	-0.630632	-0.590787	-0.670478
AT4G09000.1	-0.380786	-0.100188	-0.190603	-0.095311	0.197984
AT4G09010.1	-0.143414	-0.226929	-0.134655	-0.04999	0.048502
AT4G09040.1	0.78156	-0.042874	-0.341084	-0.187519	0.413652
AT4G09320.1	2.207413	2.174534	2.169837	2.20951	2.452495
AT4G09650.1	-0.054331	-0.310168	-0.182249	-0.230219	-0.246209
AT4G09670.1	2.497666	2.270293	2.224818	2.295108	2.646557
AT4G10060.1	-0.19777	-0.177098	-0.106812	-0.011596	0.47275
AT4G10300.1	0.025957	-0.325836	-0.039041	0.082513	0.138644
AT4G10340.1	-0.184549	-0.184549	-0.122013	0.040724	0.369764
AT4G10480.1	-0.298163	-0.236423	-0.069702	-0.059327	0.185518
AT4G11010.1	-0.110873	-0.31019	-0.129368	-0.052828	-0.124744
AT4G11150.1	-0.608319	-0.144327	-0.026863	0.079297	0.242355
AT4G11420.1	-0.234105	-0.186574	-0.05869	-0.063452	0.060709
AT4G11600.1	-1.193394	-1.352425	-1.172075	-0.999572	-0.779373
AT4G12020.1	0.164562	-0.118238	-0.174668	-0.081764	0.385859
AT4G12400.1	-0.567061	-0.447017	-0.098683	-0.099952	0.299109
AT4G12740.1	2.139734	2.791074	2.646674	2.632005	2.714833
AT4G12800.1	-0.361048	-0.266666	-0.027396	-0.190338	-0.334666
AT4G13170.1	-0.901202	0.022018	0.206543	0.006549	-0.45065
AT4G13430.1	0.000439	-0.001886	-0.002218	-0.002883	-0.003049
AT4G13850.1	-4.825613	-3.843889	-3.740224	-3.784714	-3.738462
AT4G13930.1	-0.123987	-0.387497	-0.148249	0.019658	0.249395
AT4G13940.1	0.01238	-0.052074	0.024678	0.101382	0.19623
AT4G14040.1	-0.767097	-0.731168	-0.623383	-0.577732	-0.223726
AT4G14605.1	-0.935996	-1.246164	-0.963467	-0.771202	-0.537636
AT4G14690.1	0.085842	-0.403781	-0.377897	-0.205418	0.039423
AT4G14880.1	-0.018331	-0.409438	-0.174774	-0.089553	0.375664
AT4G14960.1	-0.130041	-0.311143	-0.170772	-0.028605	0.454588
AT4G14960.2	-0.23027	-0.189436	-0.039712	-0.0261	-0.0261
AT4G15000.1	-0.357655	-0.269915	-0.006695	0.005061	0.370929
AT4G15180.1	0.173311	-0.335768	0.003618	0.046041	0.046041
AT4G16155.1	-0.195904	-0.377062	-0.268367	-0.215684	0.065849
AT4G16680.1	-0.938755	-1.285517	-1.039573	-0.924821	-0.610004
AT4G16720.1	-0.326969	-0.42833	-0.262707	-0.051472	0.202589
AT4G17040.1	-0.542976	-0.628616	-0.468517	-0.247348	0.024515
AT4G17520.1	-0.296426	-0.515996	-0.55991	-0.426006	0.243511
AT4G17530.1	-1.336234	-1.646519	-1.265816	-0.87977	-0.426138
AT4G17830.1	-0.058786	-0.379447	-0.425255	-0.388857	0.228316
AT4G18100.1	-0.691657	-0.389101	-0.082465	-0.024345	0.573911
AT4G18300.1	-0.380484	-0.280864	-0.005742	-0.162141	-0.411503
AT4G18465.1	-0.096959	-0.339126	-0.276017	-0.268918	-0.221771
AT4G18480.1	-0.353692	-0.300712	-0.141773	-0.120104	0.173673
AT4G18800.1	-0.116309	-0.297013	-0.322828	-0.308911	0.005914
AT4G19410.1	-0.087183	-0.358662	-0.086214	0.123839	0.352158
AT4G19650.1	-0.291076	-0.243633	-0.101302	-0.085496	0.159589
AT4G20050.1	-0.059239	-0.061119	-0.066761	-0.053155	0.008295
AT4G20260.1	-0.262076	-0.091914	-0.028885	-0.024145	0.035803
AT4G20360.1	-0.380619	-0.283446	-0.00607	-0.137906	-0.34735
AT4G20980.1	-0.157817	-0.250028	-0.126237	0.01214	0.182646
AT4G21010.1	-0.9173	-0.274423	0.027381	-0.030138	-0.101199
AT4G21150.1	-0.147547	-0.296644	-0.326464	-0.267251	0.028812
AT4G21280.1	-0.354285	-0.266733	-0.004077	-0.028688	0.154687
AT4G21430.1	-0.496966	-0.70245	-0.415347	-0.003935	0.804121
AT4G21660.1	0.002385	-0.152719	-0.174876	-0.087092	0.562327
AT4G21705.1	-0.012825	-0.162887	-0.184324	-0.157864	0.178087
AT4G21710.1	-0.140174	-0.412408	-0.249068	-0.16309	0.294023
AT4G22240.1	-0.144189	-0.311968	-0.211301	-0.139982	0.23339
AT4G22300.1	-0.0932	-0.147352	-0.073687	0.009205	0.109988
AT4G22430.1	-1.707107	-4.357847	-3.36895	-2.330344	-2.111418
AT4G22670.1	-0.962163	-0.921593	-0.723538	-0.608068	-0.480389
AT4G22880.1	-0.158292	-0.519513	-0.298471	-0.218323	0.185136
AT4G23100.1	-0.092287	-0.417467	-0.228559	-0.166914	0.17221
AT4G23600.1	-4.267956	-4.096845	-3.949062	-3.854942	-3.242392
AT4G23650.1	-0.065443	-0.348351	-0.301157	-0.052183	0.234107
AT4G23670.1	-0.2107	-0.34993	-0.233784	-0.040147	0.260346
AT4G24190.1	0.243002	-0.140664	-0.053273	-0.149455	-0.425209
AT4G24280.1	-0.429395	-0.248074	0.253033	-0.029008	-0.472439
AT4G24620.1	0.694851	0.694851	0.372955	-0.194717	-0.538383
AT4G24770.1	-0.308258	-0.236227	-0.020136	0.004636	0.380603
AT4G24820.1	-0.334796	-0.272442	-0.085379	-0.073813	0.202256
AT4G24830.1	-0.085408	-0.399935	-0.238494	-0.179026	0.146355
AT4G24930.1	-0.524042	-0.354427	0.03116	0.024722	0.014849
AT4G25050.1	-0.122139	-0.579487	-0.274588	-0.236476	-0.236476
AT4G25100.1	-1.762195	-0.469473	-0.890793	-1.085288	-1.477836
AT4G25130.1	0.294435	-0.243411	-0.070604	-0.053081	0.069584
AT4G25280.1	-0.355347	-0.017957	0.123449	0.094695	0.043334
AT4G25370.1	-0.268868	-0.601792	-0.402038	-0.375837	-0.211542
AT4G25620.1	-0.044267	-0.349274	-0.093826	0.118132	0.399877
AT4G25630.1	-0.528593	-1.18818	-0.710982	-0.609174	-0.665384
AT4G25740.1	-0.408102	-0.34355	-0.162785	-0.240731	-0.304622
AT4G26280.1	-0.267474	-0.267357	-0.267004	-0.22066	0.011472
AT4G26300.1	-0.612777	-0.534331	-0.315374	-0.312749	0.101892
AT4G26530.1	-0.183889	-0.336569	-0.367105	-0.288106	0.106891
AT4G26970.1	-0.218182	-0.46609	-0.244286	-0.092419	0.120741
AT4G27090.1	0.137482	-0.074697	-0.204228	-0.110601	0.248664
AT4G27270.1	-0.681692	-0.63367	-0.489604	-0.556032	-0.720095
AT4G27440.1	-0.414085	-0.414408	-0.957297	-1.486555	0.065935
AT4G27500.1	0.00825	-0.174083	-0.20013	-0.239202	-0.187107
AT4G27520.1	3.985403	4.103653	3.995991	4.074129	4.737507
AT4G27595.1	-0.212654	-0.29166	-0.180636	-0.052673	0.101985
AT4G27700.1	-0.248376	-0.483791	-0.217445	0.043202	0.400478
AT4G27860.1	-0.251514	-0.670908	-0.391312	-0.356363	-0.356363
AT4G28750.1	-0.493938	-0.318354	-0.014966	0.179698	0.393907
AT4G29060.1	-0.153057	-0.252491	-0.126624	0.003635	0.151778
AT4G29840.1	-0.314945	-0.652031	-0.286776	-0.030324	0.022375
AT4G29900.1	-1.07842	-1.042777	-0.93585	-0.925313	-0.747882
AT4G30100.1	-0.812657	-0.05884	0.343468	0.080606	-0.168518
AT4G30190.1	-0.344841	-0.17194	0.101992	0.117797	0.496012
AT4G30530.1	-0.173105	-0.487981	-0.184592	0.028845	0.240429
AT4G30800.1	0.005284	-0.418382	-0.184193	-0.115726	-0.164867
AT4G30920.1	-0.340477	-0.303048	-0.17579	-0.101309	0.286063
AT4G31300.1	-0.232709	-0.218569	-0.176149	-0.117059	0.227879
AT4G31300.2	0.082338	0.082338	0.082338	0.112827	0.265272
AT4G31700.1	-0.164994	-0.027046	0.110896	0.179862	0.248825
AT4G31840.1	-0.190109	-0.168053	-0.101884	-0.056424	0.248072
AT4G31990.1	-0.478894	-0.401945	-0.171097	-0.186945	0.003135
AT4G32260.1	-0.056779	-0.26261	-0.168182	-0.028069	0.153951
AT4G32470.1	-0.070479	-0.432437	-0.175241	-0.075373	0.149989
AT4G32560.1	-0.127708	-0.549705	-0.268374	-0.233207	-0.233207
AT4G33010.1	-0.058958	-0.197761	-0.21759	-0.173923	0.232791
AT4G33070.1	-0.391023	0.487417	-0.006516	0.069444	0.830332
AT4G33090.1	-0.444757	0.034844	-0.100613	-0.103302	-0.027128
AT4G33250.1	-1.85627	-1.684712	-1.28896	-1.305509	-0.93645
AT4G33390.1	-0.170819	-0.260361	-0.129823	0.026294	0.22054
AT4G33510.1	-0.144472	-0.183075	-0.260967	-0.17387	0.173899
AT4G33680.1	-0.854007	-0.853176	-0.850353	-0.801633	-0.557702
AT4G33760.1	-0.294975	-0.260347	-0.156463	-0.110196	0.242335
AT4G34050.1	-0.089663	-0.378203	-0.19569	-0.187647	-0.19134
AT4G34100.1	2.838398	2.156114	2.25222	2.597255	3.09282
AT4G34110.1	-0.097465	-0.382542	-0.210986	-0.138951	0.245781
AT4G34120.1	-1.548409	-1.491395	-1.320353	-1.289049	-0.932983
AT4G34200.1	-0.82367	-0.730324	-0.469476	-0.469513	-0.475234
AT4G34220.1	-0.443908	-0.622458	-0.393328	-0.15435	0.112902
AT4G34290.1	-1.934155	-2.24849	-1.9985	-1.844611	-1.519496
AT4G34620.1	-0.461959	-0.472796	-0.416532	-0.204148	0.131817
AT4G34670.1	-0.730018	0.300104	0.36048	0.426645	0.575411
AT4G34870.1	-1.554585	-1.965759	-1.961608	-1.918719	-1.693474
AT4G35000.1	-0.193077	-0.481863	-0.308591	-0.254989	0.041904
AT4G35090.1	-0.043949	-0.216351	-0.035511	0.121376	0.320341
AT4G35100.1	-0.215577	-0.471254	-0.334402	-0.100208	0.212504
AT4G35250.1	0.748599	0.749157	0.749497	0.75012	0.750465
AT4G35450.1	-0.321051	-0.266458	-0.001017	0.148772	0.30093
AT4G35460.1	-0.129116	-0.042227	0.218439	0.189536	0.349134
AT4G35630.1	-0.395433	-0.363863	-0.269152	-0.134055	0.651925
AT4G35870.1	-0.311584	-0.587512	-0.561606	-0.266383	0.317975
AT4G36520.1	0.566695	0.495987	0.291763	0.078448	-0.140177
AT4G37300.1	1.744975	1.278175	1.267388	1.19086	0.911438
AT4G37910.1	-0.423999	-0.099121	0.032495	0.020595	0.044395
AT4G37925.1	-0.263125	-0.263125	-0.263125	-0.243483	-0.145274
AT4G37930.1	-0.313106	-0.313106	-0.313106	-0.30723	-0.277853
AT4G38220.1	0.089799	-0.344243	-0.187522	0.021687	0.229651
AT4G38510.1	-0.932307	-1.032176	-1.046444	-1.01295	-0.709955
AT4G38680.1	-0.17329	-0.114891	-0.018633	-0.116476	0.210477
AT4G38740.1	-0.446296	-0.329433	-0.08971	-0.107505	0.07396
AT4G38780.1	-0.177561	-0.177561	-0.177561	-0.145238	0.016377
AT4G38970.1	-0.106487	-0.914626	-0.62722	-0.982309	-2.196462
AT4G39080.1	-0.651721	-0.348969	-0.088535	-0.301269	-0.497889
AT4G39200.1	-0.141471	-0.404817	-0.16712	-0.005845	0.209269
AT4G39260.1	-0.137221	-0.188636	-0.116953	-0.034709	0.065186
AT4G39330.1	-0.35938	-0.286949	-0.069654	-0.04108	0.355303
AT4G39730.1	-0.205009	-0.180831	-0.06202	0.008241	0.082367
AT4G39756.1	-0.164879	-0.164879	-0.164879	-0.106407	0.185956
AT4G39800.1	-0.163714	0.052194	0.268713	0.21228	0.055027
AT4G39980.1	-0.322541	-0.322541	-0.322541	-0.306463	-0.226072
AT4G40050.1	-0.156805	-0.52578	-0.463386	-0.392447	-0.020729
AT5G01410.1	-0.467042	-0.301283	-0.012964	0.056542	0.723031
AT5G01530.1	-0.257962	-0.313162	-0.276362	-0.271762	-0.271762
AT5G01730.1	-0.151867	-0.64842	-0.369444	-0.027145	0.448057
AT5G01950.1	-0.021663	-0.364304	-0.158719	-0.12222	0.094539
AT5G02240.1	-0.345373	-0.442398	-0.384183	-0.279955	0.250889
AT5G02500.1	-0.232254	-0.484488	-0.241342	-0.063265	0.140842
AT5G02790.1	2.3165	1.971825	1.90289	2.018702	2.597761
AT5G02870.1	3.048481	3.209694	3.405966	3.385709	3.489463
AT5G03290.1	4.077863	3.713051	3.508652	3.564325	3.678398
AT5G03300.1	-0.445125	-0.283975	-0.021524	-0.019143	0.280541
AT5G03340.1	-0.17937	-0.297578	-0.34181	-0.170398	0.155164
AT5G03360.1	-0.341613	-0.341613	-0.301343	-0.130074	0.41419
AT5G03530.1	-0.095387	-0.37266	-0.188285	0.0568	0.377529
AT5G03630.1	-0.389398	-0.949671	-0.897285	-0.650569	-0.278096
AT5G03690.2	-0.340933	-0.08005	-0.266337	-0.240131	0.095427
AT5G03940.1	-1.486194	-1.929349	-2.881723	-1.90243	-1.479449
AT5G04140.1	0.243782	-0.48824	-0.122229	-0.28186	-0.439497
AT5G04430.1	-0.797159	0.123728	0.262391	-0.011196	-0.077229
AT5G04590.1	0.320442	-0.276243	-0.39558	-0.254683	0.449805
AT5G05170.1	0.018443	0.018443	-0.178638	-0.33268	0.424484
AT5G05760.1	0.334691	-0.159003	-0.096144	-0.042039	0.248682
AT5G05940.1	-0.329273	-0.330672	-0.330952	-0.298092	-0.13379
AT5G06060.1	-0.136838	-0.421481	-0.292388	-0.229672	0.107163
AT5G06290.1	0.016652	-0.512881	-0.344585	-0.313907	-0.126239
AT5G06460.1	3.899867	3.839582	3.634611	3.458056	2.551167
AT5G07020.1	-0.263877	-0.249871	-0.202252	-0.147405	0.132436
AT5G07030.1	0.104022	-0.067177	0.016368	0.155418	0.338851
AT5G07280.1	-0.208676	-0.255313	-0.19031	-0.114588	-0.021839
AT5G07350.1	-0.420255	-0.401523	-0.337834	-0.269644	0.078795
AT5G07440.1	-0.165326	-0.381445	-0.214534	-0.167985	-0.202232
AT5G08050.1	-1.304392	-0.351751	0.080904	0.069164	0.313123
AT5G08280.1	0.057053	-0.422549	-0.071409	0.007814	-0.039294
AT5G08300.1	-0.174023	-0.403898	-0.218808	-0.124343	0.005436
AT5G08660.1	-0.643118	-0.296535	-0.283982	-0.220319	0.02704
AT5G08670.1	-0.189239	-0.469712	-0.525807	-0.443425	-0.031513
AT5G08680.1	-0.372078	-0.424219	-0.431668	-0.389483	-0.107799
AT5G08690.1	-0.399918	-0.158008	0.442169	0.16427	0.594513
AT5G09500.1	0.066541	-0.406542	-0.122692	-0.042217	0.407465
AT5G09590.1	-0.259272	-0.790383	-0.389832	-0.229452	-0.00905
AT5G09650.1	-0.424038	-0.363303	-0.181099	-0.151866	0.206872
AT5G09660.1	-0.189228	-0.338093	-0.294168	-0.074174	0.352779
AT5G09660.2	-0.319047	-0.306733	-0.264866	-0.162816	0.352361
AT5G09810.1	-0.604486	-0.604541	-0.605004	-0.605562	-0.606242
AT5G10160.1	-0.205679	-0.167466	-0.052825	-0.034091	0.193325
AT5G10260.1	-0.189413	-0.283572	-0.157454	-0.014562	0.16974
AT5G10320.1	-0.225658	-0.300212	-0.216011	-0.120318	0.059724
AT5G10360.1	-0.224718	-0.191679	-0.092561	-0.025822	0.42351
AT5G10440.1	-0.241759	-0.68385	-0.61963	-0.368874	-0.084702
AT5G10450.1	-0.560571	-0.794518	-1.001179	-0.84937	-0.622254
AT5G10470.1	-0.255485	-0.517213	-0.45051	-0.205622	0.064666
AT5G10540.1	0.263932	-0.137541	0.104026	0.124441	0.26137
AT5G10860.1	-0.457633	-0.176086	-0.019036	-0.046038	-0.055122
AT5G11170.1	-0.396371	-0.76098	-0.631955	-0.378704	-0.016245
AT5G11370.1	-1.785125	-1.41272	-1.218159	-1.250323	-1.261045
AT5G11420.1	-0.141743	-0.141743	-0.249536	-0.331382	0.094783
AT5G11670.1	-0.557906	-0.258262	0.1041	0.096257	0.435086
AT5G12110.1	0.295949	0.296047	0.296594	0.297013	0.297493
AT5G12140.1	-1.168572	-1.410434	-1.465709	-1.268525	-0.833273
AT5G12250.1	-0.190545	-0.496364	-0.370904	-0.302581	0.06236
AT5G12420.1	-0.892061	-0.795825	-0.659297	-0.659249	-0.512408
AT5G13120.1	-0.174496	-0.110098	0.108855	0.140009	0.321542
AT5G13230.1	-0.562578	-0.760551	-0.788833	-0.752579	-0.302632
AT5G13420.1	-1.750157	-1.751309	-1.75187	-1.751902	-1.751902
AT5G13430.1	-0.508157	-0.508157	-0.508157	-0.383465	0.239999
AT5G13440.1	-0.467345	-0.147128	0.091408	0.065534	0.154281
AT5G13450.1	-1.79578	-2.129235	-1.929162	-1.875516	-1.573939
AT5G13450.2	-0.444346	-0.411055	-0.297864	-0.228044	0.134375
AT5G13510.1	-0.162079	-0.119634	0.004282	0.022185	0.255987
AT5G13630.1	-0.125148	-0.54747	-0.265823	-0.230506	-0.230654
AT5G13650.1	-0.345677	-0.619699	-0.337654	-0.105248	0.172534
AT5G13930.1	0.302264	-0.099517	-0.070911	-0.060434	-0.060434
AT5G14040.1	-0.299338	-0.183711	0.163169	0.029994	-0.231186
AT5G14200.1	-0.326412	-0.597433	-0.921576	-0.537341	0.158596
AT5G14260.1	-0.363946	-0.25692	-0.193073	-0.121621	0.029788
AT5G14320.1	-0.545273	-0.420339	-0.323531	-0.301437	-0.10119
AT5G14670.1	-0.080035	-0.314655	-0.348173	-0.31263	0.183498
AT5G14740.1	-0.412762	-0.368687	-0.162802	0.068607	0.368373
AT5G14740.2	-0.2797	-0.223046	-0.05622	-0.088466	-0.027109
AT5G14780.1	0.017832	-0.151883	-0.026786	0.0023	-0.015631
AT5G14910.1	-0.236136	-0.449765	-0.287011	-0.140126	0.347694
AT5G15090.1	-0.241304	0.006153	-0.281862	-0.395642	0.092147
AT5G15200.1	-1.331928	-1.063597	-0.945036	-0.791081	-0.510897
AT5G15200.2	-0.488212	-0.890488	-0.630464	-0.518536	-0.068268
AT5G15450.1	-0.09865	-0.522736	-0.271778	-0.086822	0.119892
AT5G15650.1	-0.094157	-0.327956	-0.187677	-0.129648	0.183877
AT5G15920.1	-0.745543	-0.271559	0.024681	0.00396	0.152159
AT5G15960.1	-0.86894	-0.688641	-0.516057	-0.598531	-0.474249
AT5G15970.1	-0.383304	-0.290739	-0.028035	-0.093053	0.021995
AT5G16050.1	-0.419156	-0.370031	-0.222657	-0.242005	-0.166809
AT5G16070.1	-0.068591	-0.320842	-0.102852	0.040556	0.266354
AT5G16130.1	0.063888	-0.400776	-0.024276	0.156606	0.34991
AT5G16400.1	-0.176418	-0.485811	-0.229	-0.140029	-0.215854
AT5G16570.1	-0.021495	-0.283459	-0.335852	-0.243876	0.216004
AT5G16620.1	-0.213807	-0.213807	-0.255242	-0.307036	-0.244883
AT5G16710.1	-0.301369	-0.290087	-0.256243	-0.229695	-0.057472
AT5G16970.1	0.538253	0.538253	0.346477	0.171177	0.780935
AT5G17050.1	-0.569602	-0.411277	-0.490439	-0.344916	0.244165
AT5G17310.2	-0.57544	-0.260513	-0.062432	0.028683	0.501149
AT5G17710.1	-0.036391	-0.431278	-0.150162	-0.060315	0.08598
AT5G17920.1	-2.336388	-1.440783	-1.604555	-1.798288	-1.979637
AT5G18380.1	-0.284366	-0.244807	-0.126129	-0.093174	0.210056
AT5G18980.1	-0.24082	-0.439429	-0.230708	-0.080101	-0.001259
AT5G19220.1	-0.219078	-0.151859	0.049801	0.064579	0.373742
AT5G19370.1	0.008257	-0.032312	-0.154018	-0.072187	0.194976
AT5G19440.1	-0.167087	-0.167087	-0.393634	-0.593372	0.163671
AT5G19510.1	-0.145979	-0.145979	-0.173566	-0.163416	0.101129
AT5G19550.1	-0.189664	-0.303983	-0.155381	0.009257	0.2238
AT5G19760.1	0.010286	-0.296222	-0.273731	-0.126733	0.61873
AT5G19770.1	-0.321001	-0.321001	-0.451222	-0.507693	0.219166
AT5G19940.1	-0.274233	0.073928	0.14356	0.114327	-0.031835
AT5G19990.1	-3.210031	0.175758	0.455466	-0.402338	-1.916219
AT5G20000.1	-0.170762	-0.239495	-0.149356	-0.052552	0.05937
AT5G20010.1	-0.480703	-0.428324	-0.158312	0.022869	0.237326
AT5G20290.1	-0.277806	0.016036	0.074804	0.074804	0.074804
AT5G20630.1	-0.499788	-0.402825	-0.138979	0.055208	0.248575
AT5G20640.1	-1.154948	-0.214468	0.025536	0.06693	0.086308
AT5G20720.1	-0.156902	-0.25364	-0.195597	-0.151064	0.081278
AT5G20830.1	0.925578	0.658373	0.727191	0.866823	1.04285
AT5G20890.1	0.031163	-0.250335	-0.081436	-0.025644	0.281465
AT5G20950.1	-0.155123	-0.442666	-0.260411	0.048805	0.464238
AT5G20960.1	-0.020927	-0.000961	-0.076199	-0.255103	-0.032432
AT5G21930.1	-0.50128	-0.388012	-0.064538	-0.107345	0.201598
AT5G22000.1	-0.142568	-0.246895	-0.26776	-0.202181	0.125714
AT5G22440.1	2.891077	2.891077	2.891077	2.891077	2.891077
AT5G22650.1	-0.40495	-0.40495	-0.560493	-0.694331	-0.158053
AT5G23060.1	-0.29776	-0.16935	0.022105	-0.245907	0.365245
AT5G23120.1	-0.451078	-0.39845	-0.240568	-0.23766	-0.038924
AT5G23820.1	-0.417183	-0.450686	-0.400381	-0.339592	-0.266379
AT5G23860.1	0.310887	-0.15579	-0.249126	-0.133736	0.443216
AT5G23900.1	-0.265271	-0.265271	-0.265271	-0.154261	0.400788
AT5G23940.1	-0.258719	-0.659412	-0.57398	-0.069082	0.73395
AT5G23950.1	-0.168697	-0.276009	-0.132938	0.027745	0.232086
AT5G24165.1	-0.180284	-0.377992	-0.332156	-0.213127	0.392687
AT5G24490.1	0.005585	-0.110828	0.026437	0.157084	0.299482
AT5G24550.1	-0.259237	-0.392366	-0.236055	-0.056725	0.174319
AT5G24690.1	-0.264703	-0.615476	-0.406931	-0.3493	-0.026306
AT5G24830.1	-0.219215	-0.139714	0.098791	0.07269	0.22044
AT5G25460.1	-0.186785	-0.490575	-0.271823	-0.151072	0.20035
AT5G25754.1	-0.378534	-0.27678	0.028483	-0.004015	0.189632
AT5G25770.1	-0.185432	-0.424194	-0.280937	-0.24791	-0.058898
AT5G25980.1	-0.109968	-0.278173	-0.11683	0.001905	0.144141
AT5G25980.2	-1.337872	0.38944	0.498332	0.478549	0.350063
AT5G26000.1	-0.087485	-0.403182	-0.43237	-0.234784	0.192126
AT5G26360.1	-0.513503	-0.459894	-0.299066	-0.295964	-0.092822
AT5G26710.1	0.022469	0.10995	0.127446	0.154981	0.292655
AT5G26742.1	-0.242431	-0.166305	0.025413	0.070648	0.517443
AT5G26742.2	-0.1033	-0.285432	-0.075803	0.11731	0.323384
AT5G27020.1	0.422695	-0.083171	0.330839	0.468952	0.353803
AT5G27220.1	-1.11164	-0.974978	-1.169841	-1.267947	-0.897439
AT5G27410.1	-0.361433	-0.361433	-0.361433	-0.349017	-0.286938
AT5G27470.1	-0.49226	-0.387242	-0.072187	-0.187466	-0.3963
AT5G27620.1	-1.238493	-0.247111	-0.048834	-0.021226	0.116813
AT5G27770.1	-0.028626	-0.199674	-0.257025	-0.245503	-0.216821
AT5G28500.1	-0.318362	-0.118197	-0.036188	-0.014215	0.148122
AT5G28540.1	0.012574	-0.370748	-0.084637	0.059338	0.382639
AT5G28840.1	-1.095457	0.024553	0.022416	-0.460485	-0.90818
AT5G30510.1	-0.113924	-0.204962	-0.086811	0.040237	0.192241
AT5G35170.1	-0.409889	-0.135548	-0.003807	-0.017534	0.009921
AT5G35360.1	0.147345	0.002441	0.099044	0.111119	0.111119
AT5G35590.1	-0.271945	-0.271945	-0.271936	-0.253274	-0.160035
AT5G35630.1	-0.330579	-0.469327	-0.257844	0.003146	0.32816
AT5G35715.1	-0.753066	-0.481578	-0.211124	-0.158851	0.372711
AT5G36700.1	0.130196	-0.207239	-0.004778	0.07265	0.493535
AT5G37510.1	-0.160871	-0.139238	-0.074341	-0.117971	-0.260411
AT5G37770.1	-0.466652	-0.305965	0.176099	0.055583	0.015411
AT5G38344.1	-0.072241	-0.480537	-0.336775	-0.277677	0.04599
AT5G38410.1	-0.255539	-0.340953	-0.224286	-0.091052	0.076661
AT5G38420.1	-1.772418	-1.832755	-1.425602	-0.961914	-1.512306
AT5G38430.1	-0.177758	-0.372893	-0.34618	-0.191709	0.057165
AT5G38480.1	0.136481	0.136481	0.054363	-0.108724	-0.287741
AT5G39210.1	-0.205631	-0.215116	-0.243573	-0.148531	0.293482
AT5G39650.1	-0.333384	-0.265916	-0.063511	-0.047125	0.270941
AT5G39740.1	0.114494	-0.305503	-0.276578	-0.239429	-0.03957
AT5G39960.1	0.016835	-0.146161	-0.178761	-0.119136	0.178989
AT5G40140.1	-0.541394	-0.365672	-0.29117	-0.226229	0.147672
AT5G40950.1	-0.405685	-0.34323	-0.155864	-0.140864	0.152728
AT5G41090.1	-0.415011	-0.730282	-0.543298	-0.154353	0.427523
AT5G41670.1	0.186537	0.186537	0.186537	0.186537	0.186537
AT5G41700.1	-0.473307	-0.411236	-0.225023	-0.159368	0.386156
AT5G41750.1	-0.346496	-0.300832	-0.163839	-0.198087	-0.209503
AT5G41780.1	-0.354662	0.071273	0.035944	0.146705	0.549869
AT5G41790.1	-0.271999	-0.271999	-0.271999	-0.211543	0.090736
AT5G41820.1	0.345678	0.261411	0.249373	0.385942	1.183152
AT5G41900.1	-0.356535	-0.303939	-0.05566	0.095392	0.333437
AT5G42020.1	-0.104572	-0.333025	-0.083164	0.124208	0.309796
AT5G42270.1	-0.197565	-0.494102	-0.345833	-0.401434	-0.419968
AT5G42390.1	0.012503	-0.233601	-0.085938	0.004206	0.479537
AT5G42570.1	-0.616821	-0.500565	-0.244548	-0.567509	-1.056589
AT5G42650.1	0.037295	-0.283978	0.060985	0.146197	-0.575159
AT5G42970.1	-0.329425	-0.283356	-0.145149	-0.146243	0.009529
AT5G42980.1	-0.035889	-0.379112	-0.150297	-0.121695	-0.121695
AT5G43940.1	-0.363915	-0.436701	-0.344314	-0.24136	-0.10717
AT5G44130.1	-0.142427	-0.453371	-0.419837	-0.208802	0.145086
AT5G44340.1	-0.339495	-0.620464	-0.655372	-0.558364	-0.070666
AT5G44720.1	1.404211	1.485654	1.729981	1.631109	1.421799
AT5G45080.1	-0.292257	-0.142727	0.112921	0.079672	0.195609
AT5G45390.1	-0.262768	-0.262768	-0.262768	-0.239697	-0.124337
AT5G45620.1	-0.548164	-0.520128	-0.424805	-0.381505	-0.153789
AT5G45930.1	-0.190208	-0.16544	-0.033194	0.062565	0.169204
AT5G46110.1	0.088561	-0.047762	-0.067237	0.005624	0.55494
AT5G46290.1	-0.266914	-0.266914	-0.266914	-0.266914	-0.266914
AT5G46300.1	-0.21115	-0.038816	0.010382	0.044771	0.235131
AT5G46460.1	-0.565285	-0.120541	0.090979	0.058147	0.047204
AT5G46800.1	-0.181967	-0.181967	-0.181967	-0.129087	0.135314
AT5G47030.1	-0.117718	-0.291018	-0.104025	-0.000259	-0.107448
AT5G47160.1	-0.430198	-0.320023	0.010501	-0.044586	0.065589
AT5G47190.1	0.03746	-0.33957	-0.27869	-0.030218	0.39094
AT5G47210.1	-0.116322	-0.285402	-0.309556	-0.239674	0.339205
AT5G47260.1	1.127642	0.739324	1.050063	1.174919	1.214341
AT5G47690.1	-0.442402	-0.333032	0.038826	0.0607	0.213818
AT5G48300.1	-4.194655	-4.194655	-4.295528	-4.350119	-3.841296
AT5G48480.1	-0.420028	-0.357565	-0.170176	-0.168169	0.060487
AT5G49910.1	-0.506556	-0.437815	-0.231589	-0.24164	-0.0513
AT5G50250.1	0.237173	-0.266593	-0.01471	-0.109166	-0.140652
AT5G50280.1	-0.345847	-0.480061	-0.273544	-0.024101	0.260127
AT5G50850.1	-0.651429	-0.214077	-0.00219	-0.039477	-0.070395
AT5G50920.1	0.058931	-0.369117	-0.112223	-0.090789	0.058688
AT5G51100.1	-0.259583	-0.137812	0.259096	0.150567	-0.210747
AT5G51110.1	-0.140299	-0.100333	0.019566	0.054601	0.36966
AT5G51820.1	-0.270214	-0.270214	-0.270214	-0.21685	0.049972
AT5G52310.1	-0.008067	-0.410054	-0.186605	0.133592	0.554869
AT5G52470.1	-0.164927	-0.000746	0.018622	0.088056	0.418391
AT5G52530.1	-0.232792	-0.216709	-0.168461	-0.088924	0.365049
AT5G52560.1	-4.98738	-4.805159	-4.451388	-4.428558	-4.537559
AT5G52650.1	0.081719	-0.11523	-0.143365	-0.103537	0.362892
AT5G52840.1	-0.137212	-0.286659	-0.079689	0.15562	0.438017
AT5G53000.1	-0.150988	-0.150988	-0.275799	-0.388214	0.016996
AT5G53400.1	-0.088821	-0.735908	-0.247695	0.004509	0.555543
AT5G53460.1	1.615776	0.520852	0.731218	1.296453	1.901928
AT5G53480.1	-0.396587	0.071493	-0.29546	-0.319426	0.181251
AT5G53490.1	0.003249	-0.169834	-0.191417	-0.00181	0.387753
AT5G53560.1	-0.291842	-0.469587	-0.235482	0.015768	0.30199
AT5G53890.1	0.097808	-0.398902	-0.111714	-0.084803	0.098067
AT5G53905.1	-0.042452	-0.315015	-0.353952	-0.311793	0.268906
AT5G54160.1	-1.483295	-1.812901	-1.878822	-1.7593	-1.16169
AT5G54270.1	-0.540258	-0.124588	0.02884	0.068598	0.355257
AT5G54400.1	-1.350428	-1.549624	-1.93779	-1.281978	-0.323102
AT5G54600.1	-0.188557	-0.296725	-0.153283	0.010885	0.224367
AT5G54620.1	-0.199149	-0.377281	-0.270402	-0.202978	0.151959
AT5G54770.1	-0.210503	-0.169066	-0.22904	-0.298435	-0.377433
AT5G54810.1	-0.341912	-0.194518	-0.010113	0.008515	0.295313
AT5G54900.1	2.48945	2.48945	2.48945	2.489593	2.490307
AT5G55070.1	-0.147746	-0.257894	-0.109949	0.057824	0.273318
AT5G55160.1	-0.546544	-0.396707	-0.133067	0.202908	0.588042
AT5G55220.1	-0.174197	-0.293116	-0.135135	0.034948	0.225878
AT5G55950.1	0.052543	-0.283852	-0.023526	0.098864	0.291162
AT5G56000.1	0.026961	-0.311094	-0.13963	0.014337	0.209356
AT5G56010.1	-0.336097	-0.30176	-0.119552	0.007772	0.150781
AT5G56030.1	-0.305359	-0.188886	0.238182	0.277006	0.277006
AT5G56090.1	-0.147284	-0.147284	-0.213999	-0.278098	-0.081558
AT5G57290.1	0.023202	-0.059378	-0.071175	-0.0207	0.343747
AT5G57655.2	-0.277994	0.140362	0.614298	0.509763	0.474918
AT5G57960.1	-0.548127	-0.799749	-0.714553	-0.556603	-0.341954
AT5G58003.1	-1.224483	0.690795	-0.17202	-1.036809	-1.219544
AT5G58070.1	-1.218052	-1.218052	-1.218052	-1.217889	-1.217074
AT5G58110.1	1.501415	1.279963	1.270424	1.494341	1.807051
AT5G58250.1	-0.126185	-0.140801	-0.120819	-0.098385	-0.071657
AT5G58310.1	-0.202014	-0.111646	0.159736	0.021878	-0.353271
AT5G58330.1	-0.102643	-0.289228	-0.315883	-0.301622	0.02291
AT5G59880.1	-0.232924	-0.23274	-0.232114	-0.161765	0.190054
AT5G59950.1	-0.573861	-0.545998	-0.345696	-0.113574	0.240007
AT5G60040.1	-0.392476	-0.143224	-0.056496	-0.056768	-0.012031
AT5G60050.1	-0.351046	-0.760257	-0.406269	-0.171937	0.200071
AT5G60600.1	-0.366942	-0.297145	-0.087757	-0.056844	0.342004
AT5G61140.1	-0.33611	-0.447114	-0.253266	-0.002894	0.273909
AT5G61410.1	-2.953781	-2.357729	-1.991923	-1.990394	-1.674505
AT5G61780.1	-0.312569	-0.310374	-0.310061	-0.309434	-0.309277
AT5G61790.1	-0.148826	-0.148826	-0.148826	-0.148826	-0.148826
AT5G61920.1	-0.569055	-0.291868	-0.236431	-0.200066	-0.018246
AT5G62690.1	-0.263486	-0.212596	0.035972	0.175151	0.30595
AT5G62790.1	-0.053102	-0.276243	-0.142358	-0.104397	0.107725
AT5G62860.1	0.250621	-0.538849	-0.548622	-0.248202	-0.002226
AT5G63310.1	0.02119	-0.14842	-0.17265	-0.090082	0.552945
AT5G63400.1	-0.259965	-0.259087	-0.258417	-0.258375	-0.258303
AT5G63400.2	-0.315293	-0.356355	-0.299007	-0.233945	-0.158034
AT5G63510.1	-0.901359	-0.800339	-0.497281	-0.503457	-0.180768
AT5G63570.1	0.307134	0.142331	0.003395	0.862254	1.824811
AT5G63690.1	0.046876	-0.439984	-0.36352	-0.295072	0.068895
AT5G64040.1	-0.373248	-0.287894	-0.109624	-0.221259	0.122175
AT5G64040.2	-0.380589	-0.207209	0.125096	0.006895	-0.212071
AT5G64140.1	-1.105958	-0.948286	-0.475271	-0.541209	-0.319047
AT5G64690.1	-0.809463	-0.210219	0.072931	0.029189	0.014609
AT5G64760.1	-0.360177	-0.252672	-0.033117	-0.180629	0.256037
AT5G65010.1	-0.798428	-1.130419	-0.903877	-0.911193	-1.126522
AT5G65220.1	2.811839	2.98197	3.015996	3.059967	3.279819
AT5G65430.1	-1.40523	-1.782842	-1.858364	-1.761816	-1.279075
AT5G65750.1	-1.143941	-0.128135	0.057861	0.143686	0.165142
AT5G65860.1	-0.213501	-0.376985	-0.267995	-0.254372	-0.254372
AT5G66120.2	-0.265496	-0.543358	-0.380039	-0.208371	0.021974
AT5G66190.1	-0.651345	-0.967609	-0.796049	-0.56348	-0.264933
AT5G66470.1	-0.144789	-0.459861	-0.229376	-0.100919	0.24835
AT5G66530.1	-0.052365	-0.342696	-0.149142	-0.124947	-0.124947
AT5G66570.1	-0.390113	-0.280834	0.032431	-0.085562	-0.180113
AT5G66760.1	-1.902439	-1.902439	-1.932751	-1.8732	-1.340521
AT5G67030.1	-1.140583	-1.2562	-1.153804	-1.054083	-0.799864
AT5G67500.1	-0.162759	-0.362298	-0.242574	-0.224751	-0.115683
AT5G67630.1	0.110754	0.350432	0.004046	-0.212477	0.250936
